[
	{
		"pose": "[[-3.93302837e-01,-6.17455679e-01, 6.81220496e-01,-6.89604568e-04],\n [-3.24231619e-01, 7.86478802e-01, 5.25666197e-01,-1.19177839e-03],\n [-8.60341058e-01,-1.41272180e-02,-5.09522998e-01, 1.28363352e-02],\n [ 0.00000000e+00, 0.00000000e+00, 0.00000000e+00, 1.00000000e+00]]",
		"width": 0.03813051355884465
	},
	{
		"pose": "[[-6.81220496e-01,-6.17455679e-01, 3.93302837e-01,-6.89604568e-04],\n [-5.43625917e-01, 7.86478802e-01, 2.93124471e-01,-1.19177839e-03],\n [-4.90315713e-01,-1.41272180e-02,-8.71430389e-01, 1.28363352e-02],\n [ 0.00000000e+00, 0.00000000e+00, 0.00000000e+00, 1.00000000e+00]]",
		"width": 0.03813051355884465
	},
	{
		"pose": "[[-6.67629534e-01, 6.36941447e-01, 3.85456091e-01,-7.20469696e-04],\n [ 5.43090318e-01, 7.70802382e-01,-3.33041430e-01,-1.14109276e-03],\n [-5.09238364e-01,-1.30108234e-02,-8.60527168e-01, 1.28454300e-02],\n [ 0.00000000e+00, 0.00000000e+00, 0.00000000e+00, 1.00000000e+00]]",
		"width": 0.03804258828153828
	},
	{
		"pose": "[[-9.28042650e-01, 2.77310165e-01, 2.48668279e-01,-7.07060331e-04],\n [ 2.84814125e-01, 9.58563788e-01,-6.03143726e-03,-1.13392371e-03],\n [-2.40036986e-01, 6.52268072e-02,-9.68569930e-01, 1.27565485e-02],\n [ 0.00000000e+00, 0.00000000e+00, 0.00000000e+00, 1.00000000e+00]]",
		"width": 0.03808186622431466
	},
	{
		"pose": "[[ 1.90382657e-01,-6.77435584e-01, 7.10517750e-01,-7.65400557e-04],\n [ 1.35564819e-01, 7.34963027e-01, 6.64418189e-01,-1.25454955e-03],\n [-9.72304800e-01,-3.01724905e-02, 2.31760646e-01, 1.28578666e-02],\n [ 0.00000000e+00, 0.00000000e+00, 0.00000000e+00, 1.00000000e+00]]",
		"width": 0.03810449275067786
	},
	{
		"pose": "[[ 2.58701984e-01, 3.00727505e-02, 9.65488950e-01,-5.85041229e-04],\n [-4.88350037e-03, 9.99543208e-01,-2.98249320e-02,-1.19133187e-03],\n [-9.65944840e-01, 3.00080346e-03, 2.58730672e-01, 1.28578850e-02],\n [ 0.00000000e+00, 0.00000000e+00, 0.00000000e+00, 1.00000000e+00]]",
		"width": 0.03812457052433178
	},
	{
		"pose": "[[ 7.86605673e-01,-6.17455679e-01,-4.45216705e-16,-6.89604568e-04],\n [ 6.17356090e-01, 7.86478802e-01, 1.79597204e-02,-1.19177839e-03],\n [-1.10893313e-02,-1.41272180e-02, 9.99838711e-01, 1.28363352e-02],\n [ 0.00000000e+00, 0.00000000e+00, 0.00000000e+00, 1.00000000e+00]]",
		"width": 0.03813051355884465
	},
	{
		"pose": "[[ 5.20135093e-01,-6.77435584e-01,-5.20135093e-01,-7.65400557e-04],\n [ 5.07620621e-01, 7.34963027e-01,-4.49611671e-01,-1.25454955e-03],\n [ 6.86863007e-01,-3.01724905e-02, 7.26160334e-01, 1.28578666e-02],\n [ 0.00000000e+00, 0.00000000e+00, 0.00000000e+00, 1.00000000e+00]]",
		"width": 0.03810449275067786
	},
	{
		"pose": "[[ 9.99547713e-01, 3.00727505e-02, 0.00000000e+00,-5.85041229e-04],\n [-3.00726150e-02, 9.99543208e-01,-3.00216130e-03,-1.19133187e-03],\n [-9.02832477e-05, 3.00080346e-03, 9.99995494e-01, 1.28578850e-02],\n [ 0.00000000e+00, 0.00000000e+00, 0.00000000e+00, 1.00000000e+00]]",
		"width": 0.03812457052433178
	},
	{
		"pose": "[[-4.99929010e-01,-1.68505212e-02,-8.65902445e-01,-4.88276540e-04],\n [ 1.73057305e-02,-9.99805446e-01, 9.46481470e-03,-1.14268586e-03],\n [-8.65893467e-01,-1.02533389e-02, 5.00123357e-01, 1.27155501e-02],\n [ 0.00000000e+00, 0.00000000e+00, 0.00000000e+00, 1.00000000e+00]]",
		"width": 0.03811779600918939
	},
	{
		"pose": "[[ 1.80647424e-01,-9.32451625e-01,-3.12890516e-01,-6.06099965e-04],\n [-3.73835227e-01,-3.59344080e-01, 8.55055001e-01,-1.16613185e-03],\n [-9.09732780e-01,-3.74939860e-02,-4.13497847e-01, 1.28329874e-02],\n [ 0.00000000e+00, 0.00000000e+00, 0.00000000e+00, 1.00000000e+00]]",
		"width": 0.03798982690964792
	},
	{
		"pose": "[[-9.35099873e-02,-9.32451625e-01,-3.48984024e-01,-6.06099965e-04],\n [ 3.40273766e-01,-3.59344080e-01, 8.68956614e-01,-1.16613185e-03],\n [-9.35665350e-01,-3.74939860e-02, 3.50891086e-01, 1.28329874e-02],\n [ 0.00000000e+00, 0.00000000e+00, 0.00000000e+00, 1.00000000e+00]]",
		"width": 0.03798982690964792
	},
	{
		"pose": "[[ 2.01941720e-01,-9.72433060e-01, 1.16591106e-01,-6.50995913e-04],\n [ 8.97836624e-01, 2.31368916e-01, 3.74643592e-01,-1.15803494e-03],\n [-3.91291373e-01, 2.90235939e-02, 9.19809052e-01, 1.28193070e-02],\n [ 0.00000000e+00, 0.00000000e+00, 0.00000000e+00, 1.00000000e+00]]",
		"width": 0.03804858404319666
	},
	{
		"pose": "[[ 2.77555756e-17, 8.69987301e-01, 4.93074129e-01,-6.18823391e-04],\n [ 1.10526598e-01,-4.90053146e-01, 8.64657033e-01,-1.19347495e-03],\n [ 9.93873167e-01, 5.44978059e-02,-9.61567363e-02, 1.28807885e-02],\n [ 0.00000000e+00, 0.00000000e+00, 0.00000000e+00, 1.00000000e+00]]",
		"width": 0.038067213003314566
	},
	{
		"pose": "[[ 2.16880996e-01, 5.45725785e-01,-8.09410898e-01,-6.03392263e-04],\n [-1.40881542e-01, 8.37963763e-01, 5.27227771e-01,-1.20182076e-03],\n [ 9.65978791e-01,-3.14628533e-04, 2.58621106e-01, 1.28647589e-02],\n [ 0.00000000e+00, 0.00000000e+00, 0.00000000e+00, 1.00000000e+00]]",
		"width": 0.03809605894070554
	},
	{
		"pose": "[[-1.80647424e-01, 9.32451625e-01,-3.12890516e-01,-6.06099965e-04],\n [ 3.73835227e-01, 3.59344080e-01, 8.55055001e-01,-1.16613185e-03],\n [ 9.09732780e-01, 3.74939860e-02,-4.13497847e-01, 1.28329874e-02],\n [ 0.00000000e+00, 0.00000000e+00, 0.00000000e+00, 1.00000000e+00]]",
		"width": 0.03798982690964792
	},
	{
		"pose": "[[-1.82517197e-01, 9.30994034e-01,-3.16129059e-01,-7.04030887e-04],\n [ 5.07671605e-01, 3.64589544e-01, 7.80604898e-01,-1.04720338e-03],\n [ 8.41995852e-01,-1.80159286e-02,-5.39183097e-01, 1.28495498e-02],\n [ 0.00000000e+00, 0.00000000e+00, 0.00000000e+00, 1.00000000e+00]]",
		"width": 0.03802359675389025
	},
	{
		"pose": "[[-4.00752320e-01, 8.86489390e-01,-2.31374460e-01,-5.84747507e-04],\n [ 8.03709792e-01, 4.61393900e-01, 3.75720958e-01,-1.29745403e-03],\n [ 4.39827407e-01,-3.53868735e-02,-8.97384879e-01, 1.28434457e-02],\n [ 0.00000000e+00, 0.00000000e+00, 0.00000000e+00, 1.00000000e+00]]",
		"width": 0.03801027035656018
	},
	{
		"pose": "[[ 5.44359608e-01, 8.38851964e-01, 0.00000000e+00,-7.98333079e-04],\n [ 8.38377040e-01,-5.44051414e-01, 3.36451626e-02,-1.39946436e-03],\n [ 2.82233107e-02,-1.83150676e-02,-9.99433841e-01, 1.28201631e-02],\n [ 0.00000000e+00, 0.00000000e+00, 0.00000000e+00, 1.00000000e+00]]",
		"width": 0.038085320695959796
	},
	{
		"pose": "[[ 3.93302837e-01, 6.17455679e-01, 6.81220496e-01,-6.89604568e-04],\n [ 3.24231619e-01,-7.86478802e-01, 5.25666197e-01,-1.19177839e-03],\n [ 8.60341058e-01, 1.41272180e-02,-5.09522998e-01, 1.28363352e-02],\n [ 0.00000000e+00, 0.00000000e+00, 0.00000000e+00, 1.00000000e+00]]",
		"width": 0.03813051355884465
	},
	{
		"pose": "[[ 3.67791051e-01, 6.77435584e-01, 6.37032787e-01,-7.65400557e-04],\n [ 3.73955804e-01,-7.34963027e-01, 5.65673409e-01,-1.25454955e-03],\n [ 8.51402842e-01, 3.01724905e-02,-5.23643793e-01, 1.28578666e-02],\n [ 0.00000000e+00, 0.00000000e+00, 0.00000000e+00, 1.00000000e+00]]",
		"width": 0.03810449275067786
	},
	{
		"pose": "[[ 9.99858020e-01,-1.68505212e-02, 0.00000000e+00,-4.88276540e-04],\n [-1.68496352e-02,-9.99805446e-01, 1.02547949e-02,-1.14268586e-03],\n [-1.72798639e-04,-1.02533389e-02,-9.99947418e-01, 1.27155501e-02],\n [ 0.00000000e+00, 0.00000000e+00, 0.00000000e+00, 1.00000000e+00]]",
		"width": 0.03811779600918939
	},
	{
		"pose": "[[ 8.47123855e-01, 4.80477325e-01,-2.26986153e-01,-8.71702209e-04],\n [ 5.02436416e-01,-8.63296322e-01, 4.77190594e-02,-1.35643888e-03],\n [-1.73028385e-01,-1.54470063e-01,-9.72728214e-01, 1.30468677e-02],\n [ 0.00000000e+00, 0.00000000e+00, 0.00000000e+00, 1.00000000e+00]]",
		"width": 0.03796678332882313
	},
	{
		"pose": "[[ 9.65788684e-01,-1.68505212e-02,-2.58782298e-01,-4.88276540e-04],\n [-1.36213616e-02,-9.99805446e-01, 1.42663777e-02,-1.14268586e-03],\n [-2.58972347e-01,-1.02533389e-02,-9.65830313e-01, 1.27155501e-02],\n [ 0.00000000e+00, 0.00000000e+00, 0.00000000e+00, 1.00000000e+00]]",
		"width": 0.03811779600918939
	},
	{
		"pose": "[[-1.99526755e-01,-6.36941447e-01,-7.44643987e-01,-7.20469696e-04],\n [ 1.48526993e-01,-7.70802382e-01, 6.19518700e-01,-1.14109276e-03],\n [-9.68570496e-01, 1.30108234e-02, 2.48398696e-01, 1.28454300e-02],\n [ 0.00000000e+00, 0.00000000e+00, 0.00000000e+00, 1.00000000e+00]]",
		"width": 0.03804258828153828
	},
	{
		"pose": "[[ 7.07006386e-01,-1.68505212e-02,-7.07006386e-01,-4.88276540e-04],\n [-4.66325633e-03,-9.99805446e-01, 1.91657263e-02,-1.14268586e-03],\n [-7.07191787e-01,-1.02533389e-02,-7.06947413e-01, 1.27155501e-02],\n [ 0.00000000e+00, 0.00000000e+00, 0.00000000e+00, 1.00000000e+00]]",
		"width": 0.03811779600918939
	},
	{
		"pose": "[[ 4.00752320e-01,-8.86489390e-01,-2.31374460e-01,-5.84747507e-04],\n [-8.03709792e-01,-4.61393900e-01, 3.75720958e-01,-1.29745403e-03],\n [-4.39827407e-01, 3.53868735e-02,-8.97384879e-01, 1.28434457e-02],\n [ 0.00000000e+00, 0.00000000e+00, 0.00000000e+00, 1.00000000e+00]]",
		"width": 0.03801027035656018
	},
	{
		"pose": "[[ 3.12890516e-01,-9.32451625e-01,-1.80647424e-01,-6.06099965e-04],\n [-7.51278304e-01,-3.59344080e-01, 5.53581739e-01,-1.16613185e-03],\n [-5.81102775e-01,-3.74939860e-02,-8.12966030e-01, 1.28329874e-02],\n [ 0.00000000e+00, 0.00000000e+00, 0.00000000e+00, 1.00000000e+00]]",
		"width": 0.03798982690964792
	},
	{
		"pose": "[[ 4.46981132e-01,-8.86489390e-01,-1.19768233e-01,-5.84747507e-04],\n [-8.73567785e-01,-4.61393900e-01, 1.54903176e-01,-1.29745403e-03],\n [-1.92580354e-01, 3.53868735e-02,-9.80642940e-01, 1.28434457e-02],\n [ 0.00000000e+00, 0.00000000e+00, 0.00000000e+00, 1.00000000e+00]]",
		"width": 0.03801027035656018
	},
	{
		"pose": "[[-4.80390225e-01,-2.77310165e-01, 8.32060277e-01,-7.07060331e-04],\n [ 7.95412409e-02,-9.58563788e-01,-2.73548268e-01,-1.13392371e-03],\n [ 8.73440566e-01,-6.52268072e-02, 4.82542268e-01, 1.27565485e-02],\n [ 0.00000000e+00, 0.00000000e+00, 0.00000000e+00, 1.00000000e+00]]",
		"width": 0.03808186622431466
	},
	{
		"pose": "[[ 6.97810949e-01,-1.61616087e-01, 6.97810949e-01,-7.57545070e-04],\n [-1.38048328e-01,-9.86292984e-01,-9.03814681e-02,-1.13142000e-03],\n [ 7.02853142e-01,-3.32624568e-02,-7.10556873e-01, 1.30327103e-02],\n [ 0.00000000e+00, 0.00000000e+00, 0.00000000e+00, 1.00000000e+00]]",
		"width": 0.03810702690081549
	},
	{
		"pose": "[[ 5.45117232e-01,-6.36941447e-01, 5.45117232e-01,-7.20469696e-04],\n [-4.38387500e-01,-7.70802382e-01,-4.62255436e-01,-1.14109276e-03],\n [ 7.14607307e-01, 1.30108234e-02,-6.99404829e-01, 1.28454300e-02],\n [ 0.00000000e+00, 0.00000000e+00, 0.00000000e+00, 1.00000000e+00]]",
		"width": 0.03804258828153828
	},
	{
		"pose": "[[-1.19768233e-01,-8.86489390e-01, 4.46981132e-01,-5.84747507e-04],\n [ 3.02633807e-01,-4.61393900e-01,-8.33983481e-01,-1.29745403e-03],\n [ 9.45551875e-01, 3.53868735e-02, 3.23541991e-01, 1.28434457e-02],\n [ 0.00000000e+00, 0.00000000e+00, 0.00000000e+00, 1.00000000e+00]]",
		"width": 0.03801027035656018
	},
	{
		"pose": "[[-5.45117232e-01,-6.36941447e-01, 5.45117232e-01,-7.20469696e-04],\n [ 4.62255436e-01,-7.70802382e-01,-4.38387500e-01,-1.14109276e-03],\n [ 6.99404829e-01, 1.30108234e-02, 7.14607307e-01, 1.28454300e-02],\n [ 0.00000000e+00, 0.00000000e+00, 0.00000000e+00, 1.00000000e+00]]",
		"width": 0.03804258828153828
	},
	{
		"pose": "[[ 2.31374460e-01,-8.86489390e-01, 4.00752320e-01,-5.84747507e-04],\n [-3.75720958e-01,-4.61393900e-01,-8.03709792e-01,-1.29745403e-03],\n [ 8.97384879e-01, 3.53868735e-02,-4.39827407e-01, 1.28434457e-02],\n [ 0.00000000e+00, 0.00000000e+00, 0.00000000e+00, 1.00000000e+00]]",
		"width": 0.03801027035656018
	},
	{
		"pose": "[[-6.03519975e-02,-9.72433060e-01,-2.25236721e-01,-6.50995913e-04],\n [-3.69953341e-01, 2.31368916e-01,-8.99779390e-01,-1.15803494e-03],\n [ 9.27088001e-01, 2.90235939e-02,-3.73718435e-01, 1.28193070e-02],\n [ 0.00000000e+00, 0.00000000e+00, 0.00000000e+00, 1.00000000e+00]]",
		"width": 0.03804858404319666
	},
	{
		"pose": "[[ 6.03519975e-02,-9.72433060e-01,-2.25236721e-01,-6.50995913e-04],\n [ 1.29500704e-01, 2.31368916e-01,-9.64208480e-01,-1.15803494e-03],\n [ 9.89740978e-01, 2.90235939e-02, 1.39894342e-01, 1.28193070e-02],\n [ 0.00000000e+00, 0.00000000e+00, 0.00000000e+00, 1.00000000e+00]]",
		"width": 0.03804858404319666
	},
	{
		"pose": "[[-1.64884724e-01,-9.72433060e-01,-1.64884724e-01,-6.50995913e-04],\n [-7.70278686e-01, 2.31368916e-01,-5.94255139e-01,-1.15803494e-03],\n [ 6.16022543e-01, 2.90235939e-02,-7.87193659e-01, 1.28193070e-02],\n [ 0.00000000e+00, 0.00000000e+00, 0.00000000e+00, 1.00000000e+00]]",
		"width": 0.03804858404319666
	},
	{
		"pose": "[[-7.35582103e-01,-6.77435584e-01, 0.00000000e+00,-7.65400557e-04],\n [-6.76865445e-01, 7.34963027e-01,-4.10185218e-02,-1.25454955e-03],\n [ 2.77874063e-02,-3.01724905e-02,-9.99158386e-01, 1.28578666e-02],\n [ 0.00000000e+00, 0.00000000e+00, 0.00000000e+00, 1.00000000e+00]]",
		"width": 0.03810449275067786
	},
	{
		"pose": "[[-8.71411211e-02,-9.96195977e-01, 0.00000000e+00,-6.62815751e-04],\n [-9.85412105e-01, 8.61978139e-02,-1.46741000e-01,-1.32065117e-03],\n [ 1.46182794e-01,-1.27871752e-02,-9.89174949e-01, 1.26644648e-02],\n [ 0.00000000e+00, 0.00000000e+00, 0.00000000e+00, 1.00000000e+00]]",
		"width": 0.038045064654490535
	},
	{
		"pose": "[[ 1.80647424e-01,-9.32451625e-01, 3.12890516e-01,-6.06099965e-04],\n [-5.53581739e-01,-3.59344080e-01,-7.51278304e-01,-1.16613185e-03],\n [ 8.12966030e-01,-3.74939860e-02,-5.81102775e-01, 1.28329874e-02],\n [ 0.00000000e+00, 0.00000000e+00, 0.00000000e+00, 1.00000000e+00]]",
		"width": 0.03798982690964792
	},
	{
		"pose": "[[-3.93302837e-01,-6.17455679e-01,-6.81220496e-01,-6.89604568e-04],\n [-2.93124471e-01, 7.86478802e-01,-5.43625917e-01,-1.19177839e-03],\n [ 8.71430389e-01,-1.41272180e-02,-4.90315713e-01, 1.28363352e-02],\n [ 0.00000000e+00, 0.00000000e+00, 0.00000000e+00, 1.00000000e+00]]",
		"width": 0.03813051355884465
	},
	{
		"pose": "[[-8.67361738e-17,-6.17455679e-01,-7.86605673e-01,-6.89604568e-04],\n [ 1.79597204e-02, 7.86478802e-01,-6.17356090e-01,-1.19177839e-03],\n [ 9.99838711e-01,-1.41272180e-02, 1.10893313e-02, 1.28363352e-02],\n [ 0.00000000e+00, 0.00000000e+00, 0.00000000e+00, 1.00000000e+00]]",
		"width": 0.03813051355884465
	},
	{
		"pose": "[[-4.99929010e-01, 1.68505212e-02,-8.65902445e-01,-4.88276540e-04],\n [-4.56095261e-04, 9.99805446e-01, 1.97196096e-02,-1.14268586e-03],\n [ 8.66066266e-01, 1.02533389e-02,-4.99824061e-01, 1.27155501e-02],\n [ 0.00000000e+00, 0.00000000e+00, 0.00000000e+00, 1.00000000e+00]]",
		"width": 0.03811779600918939
	},
	{
		"pose": "[[ 2.55756140e-01,-1.53389250e-01,-9.54494911e-01,-5.65679503e-04],\n [-3.38378395e-02, 9.85306901e-01,-1.67407621e-01,-1.15756219e-03],\n [ 9.66148952e-01, 7.51135726e-02, 2.46807929e-01, 1.30078007e-02],\n [ 0.00000000e+00, 0.00000000e+00, 0.00000000e+00, 1.00000000e+00]]",
		"width": 0.0380865024771844
	},
	{
		"pose": "[[ 2.48668279e-01, 2.77310165e-01,-9.28042650e-01,-7.07060331e-04],\n [-1.37183685e-01, 9.58563788e-01, 2.49671986e-01,-1.13392371e-03],\n [ 9.58824658e-01, 6.52268072e-02, 2.76406837e-01, 1.27565485e-02],\n [ 0.00000000e+00, 0.00000000e+00, 0.00000000e+00, 1.00000000e+00]]",
		"width": 0.03808186622431466
	},
	{
		"pose": "[[ 9.02056208e-17, 9.32451625e-01, 3.61294847e-01,-6.06099965e-04],\n [ 1.03776697e-01, 3.59344080e-01,-9.27416966e-01,-1.16613185e-03],\n [-9.94600622e-01, 3.74939860e-02,-9.67667501e-02, 1.28329874e-02],\n [ 0.00000000e+00, 0.00000000e+00, 0.00000000e+00, 1.00000000e+00]]",
		"width": 0.03798982690964792
	},
	{
		"pose": "[[-1.80647424e-01, 9.32451625e-01, 3.12890516e-01,-6.06099965e-04],\n [ 5.53581739e-01, 3.59344080e-01,-7.51278304e-01,-1.16613185e-03],\n [-8.12966030e-01, 3.74939860e-02,-5.81102775e-01, 1.28329874e-02],\n [ 0.00000000e+00, 0.00000000e+00, 0.00000000e+00, 1.00000000e+00]]",
		"width": 0.03798982690964792
	},
	{
		"pose": "[[-4.62748919e-01, 8.86489390e-01,-2.61771369e-16,-5.84747507e-04],\n [ 8.83893576e-01, 4.61393900e-01,-7.64710020e-02,-1.29745403e-03],\n [-6.77907318e-02,-3.53868735e-02,-9.97071806e-01, 1.28434457e-02],\n [ 0.00000000e+00, 0.00000000e+00, 0.00000000e+00, 1.00000000e+00]]",
		"width": 0.03801027035656018
	},
	{
		"pose": "[[ 6.03519975e-02, 9.72433060e-01,-2.25236721e-01,-6.50995913e-04],\n [ 3.69953341e-01,-2.31368916e-01,-8.99779390e-01,-1.15803494e-03],\n [-9.27088001e-01,-2.90235939e-02,-3.73718435e-01, 1.28193070e-02],\n [ 0.00000000e+00, 0.00000000e+00, 0.00000000e+00, 1.00000000e+00]]",
		"width": 0.03804858404319666
	},
	{
		"pose": "[[ 7.86605673e-01, 6.17455679e-01, 0.00000000e+00,-6.89604568e-04],\n [ 6.17356090e-01,-7.86478802e-01,-1.79597204e-02,-1.19177839e-03],\n [-1.10893313e-02, 1.41272180e-02,-9.99838711e-01, 1.28363352e-02],\n [ 0.00000000e+00, 0.00000000e+00, 0.00000000e+00, 1.00000000e+00]]",
		"width": 0.03813051355884465
	},
	{
		"pose": "[[-2.42308121e-01, 3.51449909e-01,-9.04306218e-01,-8.06015466e-04],\n [-1.53551917e-01,-9.34227037e-01,-3.21934235e-01,-1.24902149e-03],\n [-9.57971076e-01, 6.08506737e-02, 2.80336605e-01, 1.28971768e-02],\n [ 0.00000000e+00, 0.00000000e+00, 0.00000000e+00, 1.00000000e+00]]",
		"width": 0.03809809371040902
	},
	{
		"pose": "[[-3.93302837e-01, 6.17455679e-01,-6.81220496e-01,-6.89604568e-04],\n [-3.24231619e-01,-7.86478802e-01,-5.25666197e-01,-1.19177839e-03],\n [-8.60341058e-01, 1.41272180e-02, 5.09522998e-01, 1.28363352e-02],\n [ 0.00000000e+00, 0.00000000e+00, 0.00000000e+00, 1.00000000e+00]]",
		"width": 0.03813051355884465
	},
	{
		"pose": "[[ 9.95382530e-01, 9.59876002e-02, 0.00000000e+00,-6.82898234e-04],\n [ 9.58811948e-02,-9.94279116e-01,-4.70726692e-02,-1.15035351e-03],\n [-4.51839255e-03, 4.68553125e-02,-9.98891467e-01, 1.27664053e-02],\n [ 0.00000000e+00, 0.00000000e+00, 0.00000000e+00, 1.00000000e+00]]",
		"width": 0.038121341528963716
	},
	{
		"pose": "[[ 8.83018071e-01,-4.05336456e-01,-2.36603979e-01,-8.45482201e-04],\n [-4.24097459e-01,-9.05040753e-01,-3.22890142e-02,-1.04914378e-03],\n [-2.01048329e-01, 1.28854929e-01,-9.71069501e-01, 1.27968642e-02],\n [ 0.00000000e+00, 0.00000000e+00, 0.00000000e+00, 1.00000000e+00]]",
		"width": 0.03798624345080901
	},
	{
		"pose": "[[ 4.89176669e-01, 2.06941404e-01, 8.47278845e-01,-4.62147187e-04],\n [ 9.81560068e-02,-9.78334929e-01, 1.82280457e-01,-1.16202927e-03],\n [ 8.66643863e-01,-6.00183869e-03,-4.98891164e-01, 1.26123984e-02],\n [ 0.00000000e+00, 0.00000000e+00, 0.00000000e+00, 1.00000000e+00]]",
		"width": 0.038122727822823235
	},
	{
		"pose": "[[-3.67791051e-01, 6.77435584e-01, 6.37032787e-01,-7.65400557e-04],\n [-3.02909640e-01,-7.34963027e-01, 6.06691931e-01,-1.25454955e-03],\n [ 8.79190248e-01, 3.01724905e-02, 4.75514593e-01, 1.28578666e-02],\n [ 0.00000000e+00, 0.00000000e+00, 0.00000000e+00, 1.00000000e+00]]",
		"width": 0.03810449275067786
	},
	{
		"pose": "[[-7.59802735e-01, 6.17455679e-01, 2.03588529e-01,-6.89604568e-04],\n [-5.91671874e-01,-7.86478802e-01, 1.77131271e-01,-1.19177839e-03],\n [ 2.69488772e-01, 1.41272180e-02, 9.62899903e-01, 1.28363352e-02],\n [ 0.00000000e+00, 0.00000000e+00, 0.00000000e+00, 1.00000000e+00]]",
		"width": 0.03813051355884465
	},
	{
		"pose": "[[-7.59802735e-01, 6.17455679e-01,-2.03588529e-01,-6.89604568e-04],\n [-6.00968509e-01,-7.86478802e-01,-1.42435756e-01,-1.19177839e-03],\n [-2.48065829e-01, 1.41272180e-02, 9.68640163e-01, 1.28363352e-02],\n [ 0.00000000e+00, 0.00000000e+00, 0.00000000e+00, 1.00000000e+00]]",
		"width": 0.03813051355884465
	},
	{
		"pose": "[[ 4.00752320e-01, 8.86489390e-01,-2.31374460e-01,-5.84747507e-04],\n [-7.27238790e-01, 4.61393900e-01, 5.08172619e-01,-1.29745403e-03],\n [ 5.57244399e-01,-3.53868735e-02, 8.29594147e-01, 1.28434457e-02],\n [ 0.00000000e+00, 0.00000000e+00, 0.00000000e+00, 1.00000000e+00]]",
		"width": 0.03801027035656018
	},
	{
		"pose": "[[-2.01941720e-01, 9.72433060e-01, 1.16591106e-01,-6.50995913e-04],\n [-8.97836624e-01,-2.31368916e-01, 3.74643592e-01,-1.15803494e-03],\n [ 3.91291373e-01,-2.90235939e-02, 9.19809052e-01, 1.28193070e-02],\n [ 0.00000000e+00, 0.00000000e+00, 0.00000000e+00, 1.00000000e+00]]",
		"width": 0.03804858404319666
	},
	{
		"pose": "[[ 4.62748919e-01, 8.86489390e-01, 0.00000000e+00,-5.84747507e-04],\n [-8.83893576e-01, 4.61393900e-01, 7.64710020e-02,-1.29745403e-03],\n [ 6.77907318e-02,-3.53868735e-02, 9.97071806e-01, 1.28434457e-02],\n [ 0.00000000e+00, 0.00000000e+00, 0.00000000e+00, 1.00000000e+00]]",
		"width": 0.03801027035656018
	},
	{
		"pose": "[[ 7.70912183e-01, 6.36941447e-01, 0.00000000e+00,-7.20469696e-04],\n [-6.36850727e-01, 7.70802382e-01, 1.68771797e-02,-1.14109276e-03],\n [ 1.07497752e-02,-1.30108234e-02, 9.99857570e-01, 1.28454300e-02],\n [ 0.00000000e+00, 0.00000000e+00, 0.00000000e+00, 1.00000000e+00]]",
		"width": 0.03804258828153828
	},
	{
		"pose": "[[-2.25236721e-01, 9.72433060e-01,-6.03519975e-02,-6.50995913e-04],\n [-8.99779390e-01,-2.31368916e-01,-3.69953341e-01,-1.15803494e-03],\n [-3.73718435e-01,-2.90235939e-02, 9.27088001e-01, 1.28193070e-02],\n [ 0.00000000e+00, 0.00000000e+00, 0.00000000e+00, 1.00000000e+00]]",
		"width": 0.03804858404319666
	},
	{
		"pose": "[[ 1.99526755e-01, 6.36941447e-01, 7.44643987e-01,-7.20469696e-04],\n [-1.81131201e-01, 7.70802382e-01,-6.10782429e-01,-1.14109276e-03],\n [-9.63006003e-01,-1.30108234e-02, 2.69165667e-01, 1.28454300e-02],\n [ 0.00000000e+00, 0.00000000e+00, 0.00000000e+00, 1.00000000e+00]]",
		"width": 0.03804258828153828
	},
	{
		"pose": "[[ 1.80647424e-01, 9.32451625e-01, 3.12890516e-01,-6.06099965e-04],\n [-3.73835227e-01, 3.59344080e-01,-8.55055001e-01,-1.16613185e-03],\n [-9.09732780e-01, 3.74939860e-02, 4.13497847e-01, 1.28329874e-02],\n [ 0.00000000e+00, 0.00000000e+00, 0.00000000e+00, 1.00000000e+00]]",
		"width": 0.03798982690964792
	}
]