[
	{
		"pose": "[[-2.06312037e-16, 8.91420468e-01,-4.53177172e-01, 5.49207681e-04],\n [ 3.06605641e-01, 4.31350634e-01, 8.48486659e-01,-3.11239204e-02],\n [ 9.51836636e-01,-1.38946677e-01,-2.73314544e-01,-4.52583925e-02],\n [ 0.00000000e+00, 0.00000000e+00, 0.00000000e+00, 1.00000000e+00]]",
		"width": 0.013329727949455264
	},
	{
		"pose": "[[ 7.06979783e-01, 5.77557600e-01,-4.08174968e-01, 4.42316450e-04],\n [-4.27831443e-01, 8.08823945e-01, 4.03440309e-01,-3.08153004e-02],\n [ 5.63151704e-01,-1.10594056e-01, 8.18919479e-01,-4.56043980e-02],\n [ 0.00000000e+00, 0.00000000e+00, 0.00000000e+00, 1.00000000e+00]]",
		"width": 0.012761140627569778
	},
	{
		"pose": "[[-4.53177172e-01,-8.91420468e-01, 0.00000000e+00, 5.49207681e-04],\n [ 8.48486659e-01,-4.31350634e-01, 3.06605641e-01,-3.11239204e-02],\n [-2.73314544e-01, 1.38946677e-01, 9.51836636e-01,-4.52583925e-02],\n [ 0.00000000e+00, 0.00000000e+00, 0.00000000e+00, 1.00000000e+00]]",
		"width": 0.013329727949455264
	},
	{
		"pose": "[[-7.06979783e-01,-5.77557600e-01, 4.08174968e-01, 4.42316450e-04],\n [ 5.63305278e-01,-8.08823945e-01,-1.68792744e-01,-3.08153004e-02],\n [ 4.27629220e-01, 1.10594056e-01, 8.97163422e-01,-4.56043980e-02],\n [ 0.00000000e+00, 0.00000000e+00, 0.00000000e+00, 1.00000000e+00]]",
		"width": 0.012761140627569778
	},
	{
		"pose": "[[-5.77246576e-01,-5.77557600e-01,-5.77246576e-01, 4.42316450e-04],\n [ 3.08835405e-01,-8.08823945e-01, 5.00424339e-01,-3.08153004e-02],\n [-7.55914733e-01, 1.10594056e-01, 6.45261088e-01,-4.56043980e-02],\n [ 0.00000000e+00, 0.00000000e+00, 0.00000000e+00, 1.00000000e+00]]",
		"width": 0.012761140627569778
	},
	{
		"pose": "[[ 1.17290883e-01,-8.91420468e-01,-4.37735534e-01, 5.49207681e-04],\n [-5.15762814e-01,-4.31350634e-01, 7.40219798e-01,-3.11239204e-02],\n [-8.48664579e-01, 1.38946677e-01,-5.10355026e-01,-4.52583925e-02],\n [ 0.00000000e+00, 0.00000000e+00, 0.00000000e+00, 1.00000000e+00]]",
		"width": 0.013329727949455264
	},
	{
		"pose": "[[ 4.53177172e-01, 8.91420468e-01, 0.00000000e+00, 5.49207681e-04],\n [-8.48486659e-01, 4.31350634e-01, 3.06605641e-01,-3.11239204e-02],\n [ 2.73314544e-01,-1.38946677e-01, 9.51836636e-01,-4.52583925e-02],\n [ 0.00000000e+00, 0.00000000e+00, 0.00000000e+00, 1.00000000e+00]]",
		"width": 0.013329727949455264
	},
	{
		"pose": "[[-4.76354285e-01, 3.03885476e-01, 8.25069823e-01, 7.32055150e-04],\n [-8.94058021e-02,-9.50252478e-01, 2.98373644e-01,-3.07305545e-02],\n [ 8.74696060e-01, 6.83655343e-02, 4.79825964e-01,-4.63601145e-02],\n [ 0.00000000e+00, 0.00000000e+00, 0.00000000e+00, 1.00000000e+00]]",
		"width": 0.012307842155501372
	},
	{
		"pose": "[[ 2.62954039e-01,-9.64808361e-01,-3.24029667e-17, 5.44678180e-04],\n [-9.64793638e-01,-2.62950026e-01,-5.52447405e-03,-3.12940622e-02],\n [ 5.33005876e-03, 1.45268276e-03,-9.99984740e-01,-3.11128231e-02],\n [ 0.00000000e+00, 0.00000000e+00, 0.00000000e+00, 1.00000000e+00]]",
		"width": 0.014424560854752274
	},
	{
		"pose": "[[-4.54602574e-01,-8.82325750e-01, 1.21810392e-01, 5.37164908e-04],\n [ 8.65633852e-01,-4.69873329e-01,-1.72907749e-01,-3.11709816e-02],\n [ 2.09796413e-01, 2.68388917e-02, 9.77376662e-01,-3.09572854e-02],\n [ 0.00000000e+00, 0.00000000e+00, 0.00000000e+00, 1.00000000e+00]]",
		"width": 0.014344113399306782
	},
	{
		"pose": "[[ 3.52153901e-01,-8.67165071e-01, 3.52153901e-01, 7.82382762e-04],\n [ 6.20141492e-01, 4.97996467e-01, 6.06155136e-01,-3.11924585e-02],\n [-7.01007960e-01, 4.92535005e-03, 7.13136440e-01,-3.19556007e-02],\n [ 0.00000000e+00, 0.00000000e+00, 0.00000000e+00, 1.00000000e+00]]",
		"width": 0.0143487375746839
	},
	{
		"pose": "[[-6.66688958e-01,-7.45336054e-01, 0.00000000e+00, 5.72054369e-04],\n [ 7.44822092e-01,-6.66229228e-01,-3.71304135e-02,-3.12975559e-02],\n [ 2.76746359e-02,-2.47544367e-02, 9.99310428e-01,-3.15689321e-02],\n [ 0.00000000e+00, 0.00000000e+00, 0.00000000e+00, 1.00000000e+00]]",
		"width": 0.014176244969732205
	},
	{
		"pose": "[[ 0.56966433,-0.59242309, 0.56966433, 0.00104717],\n [ 0.42866389, 0.80554967, 0.40906844,-0.03105185],\n [-0.7012345 , 0.01116283, 0.7128433 ,-0.0318767 ],\n [ 0.        , 0.        , 0.        , 1.        ]]",
		"width": 0.014036862392537982
	},
	{
		"pose": "[[-1.85936584e-01, 9.64808361e-01,-1.85936584e-01, 5.44678180e-04],\n [ 6.86118517e-01, 2.62950026e-01, 6.78305731e-01,-3.12940622e-02],\n [ 7.03327070e-01,-1.45268276e-03,-7.10864911e-01,-3.11128231e-02],\n [ 0.00000000e+00, 0.00000000e+00, 0.00000000e+00, 1.00000000e+00]]",
		"width": 0.014424560854752274
	},
	{
		"pose": "[[ 7.87255593e-17, 7.45336054e-01,-6.66688958e-01, 5.72054369e-04],\n [-3.71304135e-02, 6.66229228e-01, 7.44822092e-01,-3.12975559e-02],\n [ 9.99310428e-01, 2.47544367e-02, 2.76746359e-02,-3.15689321e-02],\n [ 0.00000000e+00, 0.00000000e+00, 0.00000000e+00, 1.00000000e+00]]",
		"width": 0.014176244969732205
	},
	{
		"pose": "[[ 5.36717971e-01, 6.51051181e-01, 5.36717971e-01, 9.16565269e-04],\n [ 4.68771749e-01,-7.58979739e-01, 4.51888043e-01,-3.10797647e-02],\n [ 7.01560309e-01, 9.06178817e-03,-7.12552466e-01,-3.31933028e-02],\n [ 0.00000000e+00, 0.00000000e+00, 0.00000000e+00, 1.00000000e+00]]",
		"width": 0.014085921060683102
	},
	{
		"pose": "[[ 5.00320919e-01, 8.16234425e-01, 2.88860417e-01, 6.03516811e-04],\n [ 7.32459252e-01,-5.76904007e-01, 3.61504096e-01,-3.13708212e-02],\n [ 4.61716820e-01, 3.07104237e-02,-8.86495599e-01,-3.28621310e-02],\n [ 0.00000000e+00, 0.00000000e+00, 0.00000000e+00, 1.00000000e+00]]",
		"width": 0.014327928995057545
	},
	{
		"pose": "[[ 1.65666092e-16, 5.92423086e-01, 8.05627015e-01, 1.04716927e-03],\n [-1.38560729e-02,-8.05549675e-01, 5.92366213e-01,-3.10518464e-02],\n [ 9.99904000e-01,-1.11628267e-02, 8.20865748e-03,-3.18767043e-02],\n [ 0.00000000e+00, 0.00000000e+00, 0.00000000e+00, 1.00000000e+00]]",
		"width": 0.014036862392537982
	},
	{
		"pose": "[[ 2.05248210e-01, 6.09197959e-01, 7.65996748e-01, 9.31747426e-04],\n [ 1.84749730e-01,-7.92705098e-01, 5.80935595e-01,-3.10784107e-02],\n [ 9.61114306e-01, 2.22817013e-02,-2.75250461e-01,-3.15730689e-02],\n [ 0.00000000e+00, 0.00000000e+00, 0.00000000e+00, 1.00000000e+00]]",
		"width": 0.0140559804162133
	},
	{
		"pose": "[[-1.70244173e-01, 9.40248736e-01,-2.94871558e-01, 5.35280230e-04],\n [ 4.35849266e-01, 3.40227162e-01, 8.33235199e-01,-3.10992816e-02],\n [ 8.83771656e-01, 1.33338856e-02,-4.67728413e-01,-3.19516109e-02],\n [ 0.00000000e+00, 0.00000000e+00, 0.00000000e+00, 1.00000000e+00]]",
		"width": 0.01439476581276102
	},
	{
		"pose": "[[-7.65996748e-01, 6.09197959e-01,-2.05248210e-01, 9.31747426e-04],\n [-5.95479848e-01,-7.92705098e-01,-1.30469838e-01,-3.10784107e-02],\n [-2.42183262e-01, 2.22817013e-02, 9.69974636e-01,-3.15730689e-02],\n [ 0.00000000e+00, 0.00000000e+00, 0.00000000e+00, 1.00000000e+00]]",
		"width": 0.0140559804162133
	},
	{
		"pose": "[[-7.65996748e-01, 6.09197959e-01, 2.05248210e-01, 9.31747426e-04],\n [-5.80935595e-01,-7.92705098e-01, 1.84749730e-01,-3.10784107e-02],\n [ 2.75250461e-01, 2.22817013e-02, 9.61114306e-01,-3.15730689e-02],\n [ 0.00000000e+00, 0.00000000e+00, 0.00000000e+00, 1.00000000e+00]]",
		"width": 0.0140559804162133
	},
	{
		"pose": "[[ 6.43972082e-01, 7.45336054e-01,-1.72551799e-01, 5.72054369e-04],\n [-7.29052953e-01, 6.66229228e-01, 1.56908917e-01,-3.12975559e-02],\n [ 2.31908925e-01, 2.47544367e-02, 9.72422474e-01,-3.15689321e-02],\n [ 0.00000000e+00, 0.00000000e+00, 0.00000000e+00, 1.00000000e+00]]",
		"width": 0.014176244969732205
	},
	{
		"pose": "[[-4.70977424e-16, 8.67165071e-01, 4.98020823e-01, 7.82382762e-04],\n [-9.88984762e-03,-4.97996467e-01, 8.67122661e-01,-3.11924585e-02],\n [ 9.99951094e-01,-4.92535005e-03, 8.57613041e-03,-3.19556007e-02],\n [ 0.00000000e+00, 0.00000000e+00, 0.00000000e+00, 1.00000000e+00]]",
		"width": 0.0143487375746839
	},
	{
		"pose": "[[ 1.21810392e-01, 8.82325750e-01,-4.54602574e-01, 5.37164908e-04],\n [-1.72907749e-01, 4.69873329e-01, 8.65633852e-01,-3.11709816e-02],\n [ 9.77376662e-01,-2.68388917e-02, 2.09796413e-01,-3.09572854e-02],\n [ 0.00000000e+00, 0.00000000e+00, 0.00000000e+00, 1.00000000e+00]]",
		"width": 0.014344113399306782
	},
	{
		"pose": "[[ 4.70639216e-01, 8.82325750e-01,-2.76590844e-16, 5.37164908e-04],\n [-8.80889912e-01, 4.69873329e-01, 5.70264670e-02,-3.11709816e-02],\n [ 5.03159202e-02,-2.68388917e-02, 9.98372667e-01,-3.09572854e-02],\n [ 0.00000000e+00, 0.00000000e+00, 0.00000000e+00, 1.00000000e+00]]",
		"width": 0.014344113399306782
	},
	{
		"pose": "[[-6.20639692e-01,-4.79179241e-01, 6.20639692e-01, 8.87185088e-04],\n [-3.40770240e-01, 8.77713765e-01, 3.36888989e-01,-3.11438938e-02],\n [-7.06174211e-01,-2.40885860e-03,-7.08034026e-01,-3.28879929e-02],\n [ 0.00000000e+00, 0.00000000e+00, 0.00000000e+00, 1.00000000e+00]]",
		"width": 0.013912818987808181
	},
	{
		"pose": "[[-2.62954039e-01, 9.64808361e-01,-3.24029667e-17, 5.44678180e-04],\n [ 9.64793638e-01, 2.62950026e-01,-5.52447405e-03,-3.12940622e-02],\n [-5.33005876e-03,-1.45268276e-03,-9.99984740e-01,-3.11128231e-02],\n [ 0.00000000e+00, 0.00000000e+00, 0.00000000e+00, 1.00000000e+00]]",
		"width": 0.014424560854752274
	},
	{
		"pose": "[[-6.43972082e-01,-7.45336054e-01,-1.72551799e-01, 5.72054369e-04],\n [ 7.29052953e-01,-6.66229228e-01, 1.56908917e-01,-3.12975559e-02],\n [-2.31908925e-01,-2.47544367e-02, 9.72422474e-01,-3.15689321e-02],\n [ 0.00000000e+00, 0.00000000e+00, 0.00000000e+00, 1.00000000e+00]]",
		"width": 0.014176244969732205
	},
	{
		"pose": "[[-1.39211559e-16,-4.20327578e-01,-9.07372430e-01, 6.78897478e-04],\n [ 3.52358875e-03,-9.07366798e-01, 4.20324968e-01,-3.12831004e-02],\n [-9.99993792e-01,-3.19720729e-03, 1.48106153e-03,-3.22759128e-02],\n [ 0.00000000e+00, 0.00000000e+00, 0.00000000e+00, 1.00000000e+00]]",
		"width": 0.013756368775393152
	},
	{
		"pose": "[[ 1.42748210e-16,-8.82325750e-01,-4.70639216e-01, 5.37164908e-04],\n [-5.70264670e-02,-4.69873329e-01, 8.80889912e-01,-3.11709816e-02],\n [-9.98372667e-01, 2.68388917e-02,-5.03159202e-02,-3.09572854e-02],\n [ 0.00000000e+00, 0.00000000e+00, 0.00000000e+00, 1.00000000e+00]]",
		"width": 0.014344113399306782
	},
	{
		"pose": "[[-2.88347880e-17,-9.40248736e-01,-3.40488347e-01, 5.35280230e-04],\n [ 3.91610631e-02,-3.40227162e-01, 9.39527482e-01,-3.10992816e-02],\n [-9.99232911e-01,-1.33338856e-02, 3.68211401e-02,-3.19516109e-02],\n [ 0.00000000e+00, 0.00000000e+00, 0.00000000e+00, 1.00000000e+00]]",
		"width": 0.01439476581276102
	},
	{
		"pose": "[[-8.81248687e-02,-9.40248736e-01,-3.28886487e-01, 5.35280230e-04],\n [ 2.80994288e-01,-3.40227162e-01, 8.97378230e-01,-3.10992816e-02],\n [-9.55654863e-01,-1.33338856e-02, 2.94186998e-01,-3.19516109e-02],\n [ 0.00000000e+00, 0.00000000e+00, 0.00000000e+00, 1.00000000e+00]]",
		"width": 0.01439476581276102
	},
	{
		"pose": "[[-4.31298684e-01,-8.67165071e-01, 2.49010411e-01, 7.82382762e-04],\n [-7.46005329e-01, 4.97996467e-01, 4.42126190e-01,-3.11924585e-02],\n [-5.07402694e-01, 4.92535005e-03,-8.61694985e-01,-3.19556007e-02],\n [ 0.00000000e+00, 0.00000000e+00, 0.00000000e+00, 1.00000000e+00]]",
		"width": 0.0143487375746839
	},
	{
		"pose": "[[ 6.80575132e-02,-9.64808361e-01,-2.53994097e-01, 5.44678180e-04],\n [-2.55043200e-01,-2.62950026e-01, 9.30489253e-01,-3.12940622e-02],\n [-9.64531566e-01, 1.45268276e-03,-2.63963537e-01,-3.11128231e-02],\n [ 0.00000000e+00, 0.00000000e+00, 0.00000000e+00, 1.00000000e+00]]",
		"width": 0.014424560854752274
	},
	{
		"pose": "[[-1.57090468e-16, 9.42778805e-01, 3.33418843e-01, 4.60593417e-04],\n [ 3.26216271e-01,-3.15179219e-01, 8.91204244e-01,-2.87745663e-02],\n [ 9.45295163e-01, 1.08766652e-01,-3.07549786e-01,-1.35735955e-02],\n [ 0.00000000e+00, 0.00000000e+00, 0.00000000e+00, 1.00000000e+00]]",
		"width": 0.014345875676520639
	},
	{
		"pose": "[[-2.35762725e-01,-9.42778805e-01, 2.35762725e-01, 4.60593417e-04],\n [-8.60846302e-01, 3.15179219e-01, 3.99506827e-01,-2.87745663e-02],\n [-4.50954080e-01,-1.08766652e-01,-8.85895159e-01,-1.35735955e-02],\n [ 0.00000000e+00, 0.00000000e+00, 0.00000000e+00, 1.00000000e+00]]",
		"width": 0.014345875676520639
	},
	{
		"pose": "[[ 2.35762725e-01,-9.42778805e-01, 2.35762725e-01, 4.60593417e-04],\n [ 3.99506827e-01, 3.15179219e-01, 8.60846302e-01,-2.87745663e-02],\n [-8.85895159e-01,-1.08766652e-01, 4.50954080e-01,-1.35735955e-02],\n [ 0.00000000e+00, 0.00000000e+00, 0.00000000e+00, 1.00000000e+00]]",
		"width": 0.014345875676520639
	},
	{
		"pose": "[[-2.88749188e-01, 9.42778805e-01, 1.66709421e-01, 4.60593417e-04],\n [-6.08697380e-01,-3.15179219e-01, 7.28113700e-01,-2.87745663e-02],\n [ 7.38993509e-01, 1.08766652e-01, 6.64874732e-01,-1.35735955e-02],\n [ 0.00000000e+00, 0.00000000e+00, 0.00000000e+00, 1.00000000e+00]]",
		"width": 0.014345875676520639
	},
	{
		"pose": "[[-2.35762725e-01, 9.42778805e-01,-2.35762725e-01, 4.60593417e-04],\n [-8.60846302e-01,-3.15179219e-01,-3.99506827e-01,-2.87745663e-02],\n [-4.50954080e-01, 1.08766652e-01, 8.85895159e-01,-1.35735955e-02],\n [ 0.00000000e+00, 0.00000000e+00, 0.00000000e+00, 1.00000000e+00]]",
		"width": 0.014345875676520639
	},
	{
		"pose": "[[ 2.88749188e-01,-9.42778805e-01,-1.66709421e-01, 4.60593417e-04],\n [ 9.34913651e-01, 3.15179219e-01,-1.63090544e-01,-2.87745663e-02],\n [ 2.06301653e-01,-1.08766652e-01, 9.72424518e-01,-1.35735955e-02],\n [ 0.00000000e+00, 0.00000000e+00, 0.00000000e+00, 1.00000000e+00]]",
		"width": 0.014345875676520639
	},
	{
		"pose": "[[-2.64473714e-01,-9.27419705e-01, 2.64473714e-01, 3.01678698e-04],\n [ 8.35222675e-01,-3.57371426e-01,-4.17957830e-01,-2.66999843e-02],\n [ 4.82137676e-01, 1.10355583e-01, 8.69117315e-01,-8.66540958e-03],\n [ 0.00000000e+00, 0.00000000e+00, 0.00000000e+00, 1.00000000e+00]]",
		"width": 0.014141888838752295
	},
	{
		"pose": "[[ 2.27567879e-02,-9.98963720e-01,-3.94159128e-02, 4.57528303e-04],\n [ 4.23122117e-01,-2.60970081e-02, 9.05696760e-01,-2.69940221e-02],\n [-9.05786842e-01,-3.72884935e-02, 4.22089760e-01,-8.11623507e-03],\n [ 0.00000000e+00, 0.00000000e+00, 0.00000000e+00, 1.00000000e+00]]",
		"width": 0.014086797545789178
	},
	{
		"pose": "[[-3.74022313e-01,-9.27419705e-01, 0.00000000e+00, 3.01678698e-04],\n [ 8.86132433e-01,-3.57371426e-01, 2.95050801e-01,-2.66999843e-02],\n [-2.73635927e-01, 1.10355583e-01, 9.55481567e-01,-8.66540958e-03],\n [ 0.00000000e+00, 0.00000000e+00, 0.00000000e+00, 1.00000000e+00]]",
		"width": 0.014141888838752295
	},
	{
		"pose": "[[ 2.16348839e-01,-5.48870002e-01,-8.07424858e-01, 3.09426464e-04],\n [-4.66615919e-01,-7.84573301e-01, 4.08306648e-01,-2.70594982e-02],\n [-8.57591257e-01, 2.88420623e-01,-4.25853003e-01,-9.29004854e-03],\n [ 0.00000000e+00, 0.00000000e+00, 0.00000000e+00, 1.00000000e+00]]",
		"width": 0.014201264478373799
	},
	{
		"pose": "[[ 2.98615541e-01,-9.38671940e-01,-1.72405763e-01, 4.73321567e-04],\n [-9.37862271e-01,-3.22078832e-01, 1.29149472e-01,-2.71073585e-02],\n [-1.76757232e-01, 1.23126821e-01,-9.76522743e-01,-8.98332310e-03],\n [ 0.00000000e+00, 0.00000000e+00, 0.00000000e+00, 1.00000000e+00]]",
		"width": 0.01416495844657573
	},
	{
		"pose": "[[ 1.53816912e-16,-3.49444504e-01,-9.36957063e-01, 3.56828130e-04],\n [-3.45642185e-01,-8.79209016e-01, 3.27906978e-01,-2.68611932e-02],\n [-9.38366389e-01, 3.23851887e-01,-1.20782762e-01,-8.83897720e-03],\n [ 0.00000000e+00, 0.00000000e+00, 0.00000000e+00, 1.00000000e+00]]",
		"width": 0.014087452813133066
	},
	{
		"pose": "[[-3.23912825e-01,-9.27419705e-01,-1.87011156e-01, 3.01678698e-04],\n [ 6.19887797e-01,-3.57371426e-01, 6.98587706e-01,-2.66999843e-02],\n [-7.14716448e-01, 1.10355583e-01, 6.90653346e-01,-8.66540958e-03],\n [ 0.00000000e+00, 0.00000000e+00, 0.00000000e+00, 1.00000000e+00]]",
		"width": 0.014141888838752295
	},
	{
		"pose": "[[ 9.71445147e-16,-6.16749758e-01, 7.87159283e-01, 5.77191169e-04],\n [-3.82978913e-01, 7.27143964e-01, 5.69726959e-01,-2.66437607e-02],\n [-9.23757085e-01,-3.01465406e-01,-2.36202152e-01,-8.13678689e-03],\n [ 0.00000000e+00, 0.00000000e+00, 0.00000000e+00, 1.00000000e+00]]",
		"width": 0.014273568169866899
	},
	{
		"pose": "[[ 3.93579641e-01,-6.16749758e-01, 6.81699936e-01, 5.77191169e-04],\n [-4.68059885e-02, 7.27143964e-01, 6.84887476e-01,-2.66437607e-02],\n [-9.18098179e-01,-3.01465406e-01, 2.57321479e-01,-8.13678689e-03],\n [ 0.00000000e+00, 0.00000000e+00, 0.00000000e+00, 1.00000000e+00]]",
		"width": 0.014273568169866899
	},
	{
		"pose": "[[-2.53634264e-01,-9.56151773e-01, 1.46435810e-01, 5.39200630e-04],\n [-9.58987573e-01, 2.68360598e-01, 9.12437640e-02,-2.68909179e-02],\n [-1.26540488e-01,-1.17287577e-01,-9.85003111e-01,-8.68158161e-03],\n [ 0.00000000e+00, 0.00000000e+00, 0.00000000e+00, 1.00000000e+00]]",
		"width": 0.014206809988888486
	},
	{
		"pose": "[[-5.56605667e-01,-6.16749758e-01, 5.56605667e-01, 5.77191169e-04],\n [-6.73664782e-01, 7.27143964e-01, 1.32050809e-01,-2.66437607e-02],\n [-4.86174756e-01,-3.01465406e-01,-8.20215042e-01,-8.13678689e-03],\n [ 0.00000000e+00, 0.00000000e+00, 0.00000000e+00, 1.00000000e+00]]",
		"width": 0.014273568169866899
	},
	{
		"pose": "[[-1.17797802e-02,-9.98963720e-01, 4.39627383e-02, 4.57528303e-04],\n [-6.43116151e-01,-2.60970081e-02,-7.65323829e-01,-2.69940221e-02],\n [ 7.65678035e-01,-3.72884935e-02,-6.42142286e-01,-8.11623507e-03],\n [ 0.00000000e+00, 0.00000000e+00, 0.00000000e+00, 1.00000000e+00]]",
		"width": 0.014086797545789178
	},
	{
		"pose": "[[ 5.56605667e-01, 6.16749758e-01, 5.56605667e-01, 5.77191169e-04],\n [ 6.73664782e-01,-7.27143964e-01, 1.32050809e-01,-2.66437607e-02],\n [ 4.86174756e-01, 3.01465406e-01,-8.20215042e-01,-8.13678689e-03],\n [ 0.00000000e+00, 0.00000000e+00, 0.00000000e+00, 1.00000000e+00]]",
		"width": 0.014273568169866899
	},
	{
		"pose": "[[ 3.74022313e-01, 9.27419705e-01, 0.00000000e+00, 3.01678698e-04],\n [-8.86132433e-01, 3.57371426e-01, 2.95050801e-01,-2.66999843e-02],\n [ 2.73635927e-01,-1.10355583e-01, 9.55481567e-01,-8.66540958e-03],\n [ 0.00000000e+00, 0.00000000e+00, 0.00000000e+00, 1.00000000e+00]]",
		"width": 0.014141888838752295
	},
	{
		"pose": "[[-1.11022302e-16, 3.49444504e-01,-9.36957063e-01, 3.56828130e-04],\n [ 3.45642185e-01, 8.79209016e-01, 3.27906978e-01,-2.68611932e-02],\n [ 9.38366389e-01,-3.23851887e-01,-1.20782762e-01,-8.83897720e-03],\n [ 0.00000000e+00, 0.00000000e+00, 0.00000000e+00, 1.00000000e+00]]",
		"width": 0.014087452813133066
	},
	{
		"pose": "[[ 1.72405763e-01, 9.38671940e-01,-2.98615541e-01, 4.73321567e-04],\n [-1.29149472e-01, 3.22078832e-01, 9.37862271e-01,-2.71073585e-02],\n [ 9.76522743e-01,-1.23126821e-01, 1.76757232e-01,-8.98332310e-03],\n [ 0.00000000e+00, 0.00000000e+00, 0.00000000e+00, 1.00000000e+00]]",
		"width": 0.01416495844657573
	},
	{
		"pose": "[[-1.17797802e-02, 9.98963720e-01,-4.39627383e-02, 4.57528303e-04],\n [-6.43116151e-01, 2.60970081e-02, 7.65323829e-01,-2.69940221e-02],\n [ 7.65678035e-01, 3.72884935e-02, 6.42142286e-01,-8.11623507e-03],\n [ 0.00000000e+00, 0.00000000e+00, 0.00000000e+00, 1.00000000e+00]]",
		"width": 0.014086797545789178
	},
	{
		"pose": "[[-5.56605667e-01, 6.16749758e-01, 5.56605667e-01, 5.77191169e-04],\n [-1.32050809e-01,-7.27143964e-01, 6.73664782e-01,-2.66437607e-02],\n [ 8.20215042e-01, 3.01465406e-01, 4.86174756e-01,-8.13678689e-03],\n [ 0.00000000e+00, 0.00000000e+00, 0.00000000e+00, 1.00000000e+00]]",
		"width": 0.014273568169866899
	},
	{
		"pose": "[[-3.94159128e-02, 9.98963720e-01,-2.27567879e-02, 4.57528303e-04],\n [ 8.64138778e-02, 2.60970081e-02, 9.95917460e-01,-2.69940221e-02],\n [ 9.95479295e-01, 3.72884935e-02,-8.73529662e-02,-8.11623507e-03],\n [ 0.00000000e+00, 0.00000000e+00, 0.00000000e+00, 1.00000000e+00]]",
		"width": 0.014086797545789178
	},
	{
		"pose": "[[ 2.07091509e-01, 9.56151773e-01, 2.07091509e-01, 5.39200630e-04],\n [ 9.02695240e-01,-2.68360598e-01, 3.36338956e-01,-2.68909179e-02],\n [ 3.77166290e-01, 1.17287577e-01,-9.18688856e-01,-8.68158161e-03],\n [ 0.00000000e+00, 0.00000000e+00, 0.00000000e+00, 1.00000000e+00]]",
		"width": 0.014206809988888486
	},
	{
		"pose": "[[ 9.68040979e-02, 9.27419705e-01,-3.61277812e-01, 3.01678698e-04],\n [ 5.56492388e-02, 3.57371426e-01, 9.32302969e-01,-2.66999843e-02],\n [ 9.93746511e-01,-1.10355583e-01,-1.70151822e-02,-8.66540958e-03],\n [ 0.00000000e+00, 0.00000000e+00, 0.00000000e+00, 1.00000000e+00]]",
		"width": 0.014141888838752295
	},
	{
		"pose": "[[-5.46135776e-01,-6.35194009e-01, 5.46135776e-01, 1.37503765e-04],\n [ 7.73472602e-01,-6.32714607e-01, 3.75813719e-02,-1.75789973e-02],\n [ 3.21676621e-01, 4.42945591e-01, 8.36853246e-01, 8.15751570e-03],\n [ 0.00000000e+00, 0.00000000e+00, 0.00000000e+00, 1.00000000e+00]]",
		"width": 0.014157036794956647
	},
	{
		"pose": "[[ 1.03060980e-01,-9.94291627e-01,-2.76151064e-02, 1.86601175e-04],\n [ 8.35241112e-01, 7.14320965e-02, 5.45224486e-01,-1.77194603e-02],\n [-5.40139537e-01,-7.92566421e-02, 8.37835106e-01, 7.54477340e-03],\n [ 0.00000000e+00, 0.00000000e+00, 0.00000000e+00, 1.00000000e+00]]",
		"width": 0.013660402689463889
	},
	{
		"pose": "[[ 9.00655856e-02,-9.95643404e-01, 2.41330009e-02, 9.53298827e-05],\n [-7.35522503e-01,-8.28335887e-02,-6.72417463e-01,-1.74537160e-02],\n [ 6.71487035e-01, 4.28113074e-02,-7.39778584e-01, 8.69309403e-03],\n [ 0.00000000e+00, 0.00000000e+00, 0.00000000e+00, 1.00000000e+00]]",
		"width": 0.013599768478315052
	},
	{
		"pose": "[[ 6.59325847e-02, 9.95643404e-01, 6.59325847e-02, 9.53298827e-05],\n [-9.50091856e-01, 8.28335887e-02,-3.00772441e-01,-1.74537160e-02],\n [-3.04923529e-01,-4.28113074e-02, 9.51414123e-01, 8.69309403e-03],\n [ 0.00000000e+00, 0.00000000e+00, 0.00000000e+00, 1.00000000e+00]]",
		"width": 0.013599768478315052
	},
	{
		"pose": "[[-2.76151064e-02, 9.94291627e-01,-1.03060980e-01, 1.86601175e-04],\n [-8.89798812e-01,-7.14320965e-02,-4.50727778e-01,-1.77194603e-02],\n [-4.55516718e-01, 7.92566421e-02, 8.86692114e-01, 7.54477340e-03],\n [ 0.00000000e+00, 0.00000000e+00, 0.00000000e+00, 1.00000000e+00]]",
		"width": 0.013660402689463889
	},
	{
		"pose": "[[-3.21029579e-01, 7.66655097e-01,-5.56039541e-01, 1.18428962e-04],\n [-8.53035301e-01,-4.89126250e-01,-1.81896362e-01,-1.77546538e-02],\n [-4.11425308e-01, 4.15927245e-01, 8.11007856e-01, 8.26257819e-03],\n [ 0.00000000e+00, 0.00000000e+00, 0.00000000e+00, 1.00000000e+00]]",
		"width": 0.014252263360112963
	},
	{
		"pose": "[[ 5.46135776e-01,-6.35194009e-01,-5.46135776e-01, 1.37503765e-04],\n [-7.73472602e-01,-6.32714607e-01,-3.75813719e-02,-1.75789973e-02],\n [-3.21676621e-01, 4.42945591e-01,-8.36853246e-01, 8.15751570e-03],\n [ 0.00000000e+00, 0.00000000e+00, 0.00000000e+00, 1.00000000e+00]]",
		"width": 0.014157036794956647
	},
	{
		"pose": "[[-5.91438712e-01, 5.48088041e-01, 5.91438712e-01, 4.81927222e-04],\n [ 1.14190774e-01,-6.69154045e-01, 7.34297849e-01,-1.81485489e-02],\n [ 7.98223476e-01, 5.01829018e-01, 3.33177009e-01, 7.18997431e-03],\n [ 0.00000000e+00, 0.00000000e+00, 0.00000000e+00, 1.00000000e+00]]",
		"width": 0.01434587012559461
	},
	{
		"pose": "[[ 1.38777878e-16, 7.66655097e-01, 6.42059157e-01, 1.18428962e-04],\n [ 6.47802061e-01,-4.89126250e-01, 5.84044521e-01,-1.77546538e-02],\n [ 7.61808697e-01, 4.15927245e-01,-4.96640752e-01, 8.26257819e-03],\n [ 0.00000000e+00, 0.00000000e+00, 0.00000000e+00, 1.00000000e+00]]",
		"width": 0.014252263360112963
	},
	{
		"pose": "[[ 8.07505950e-02, 9.95643404e-01,-4.66213777e-02, 9.53298827e-05],\n [-5.36425735e-01, 8.28335887e-02, 8.39872625e-01,-1.74537160e-02],\n [ 8.40075456e-01,-4.28113074e-02, 5.40777607e-01, 8.69309403e-03],\n [ 0.00000000e+00, 0.00000000e+00, 0.00000000e+00, 1.00000000e+00]]",
		"width": 0.013599768478315052
	},
	{
		"pose": "[[-4.54004384e-01, 7.66655097e-01, 4.54004384e-01, 1.18428962e-04],\n [ 4.50833888e-02,-4.89126250e-01, 8.71047071e-01,-1.77546538e-02],\n [ 8.89858139e-01, 4.15927245e-01, 1.87502052e-01, 8.26257819e-03],\n [ 0.00000000e+00, 0.00000000e+00, 0.00000000e+00, 1.00000000e+00]]",
		"width": 0.014252263360112963
	},
	{
		"pose": "[[-2.77555756e-17, 9.84748230e-01,-1.73985413e-01, 1.63705400e-04],\n [ 5.09086889e-01, 1.49751878e-01, 8.47587703e-01,-1.81485052e-02],\n [ 8.60715132e-01,-8.85736926e-02,-5.01322413e-01, 7.65731118e-03],\n [ 0.00000000e+00, 0.00000000e+00, 0.00000000e+00, 1.00000000e+00]]",
		"width": 0.013632040355761228
	},
	{
		"pose": "[[-1.99899568e-01, 6.35194009e-01,-7.46035344e-01, 1.37503765e-04],\n [ 6.88637608e-01, 6.32714607e-01, 3.54189878e-01,-1.75789973e-02],\n [ 6.97006748e-01,-4.42945591e-01,-5.63897860e-01, 8.15751570e-03],\n [ 0.00000000e+00, 0.00000000e+00, 0.00000000e+00, 1.00000000e+00]]",
		"width": 0.014157036794956647
	},
	{
		"pose": "[[-1.51923144e-01, 8.09597115e-01,-5.66984894e-01,-1.29453553e-04],\n [ 7.28507972e-01, 4.79402692e-01, 4.89335461e-01,-1.75719294e-02],\n [ 6.67978662e-01,-3.38711633e-01,-6.62630317e-01, 7.65674834e-03],\n [ 0.00000000e+00, 0.00000000e+00, 0.00000000e+00, 1.00000000e+00]]",
		"width": 0.013968897347951714
	},
	{
		"pose": "[[-2.93492977e-01,-8.09597115e-01,-5.08344749e-01,-1.29453553e-04],\n [-1.69120505e-01,-4.79402692e-01, 8.61145350e-01,-1.75719294e-02],\n [-9.40882632e-01, 3.38711633e-01, 3.78185073e-03, 7.65674834e-03],\n [ 0.00000000e+00, 0.00000000e+00, 0.00000000e+00, 1.00000000e+00]]",
		"width": 0.013968897347951714
	},
	{
		"pose": "[[ 1.88811133e-16,-6.35194009e-01,-7.72352621e-01, 1.37503765e-04],\n [-5.73501765e-01,-6.32714607e-01, 5.20353679e-01,-1.75789973e-02],\n [-8.19204325e-01, 4.42945591e-01,-3.64284885e-01, 8.15751570e-03],\n [ 0.00000000e+00, 0.00000000e+00, 0.00000000e+00, 1.00000000e+00]]",
		"width": 0.014157036794956647
	},
	{
		"pose": "[[ 4.66213777e-02,-9.95643404e-01,-8.07505950e-02, 9.53298827e-05],\n [-8.39872625e-01,-8.28335887e-02, 5.36425735e-01,-1.74537160e-02],\n [-5.40777607e-01, 4.28113074e-02,-8.40075456e-01, 8.69309403e-03],\n [ 0.00000000e+00, 0.00000000e+00, 0.00000000e+00, 1.00000000e+00]]",
		"width": 0.013599768478315052
	},
	{
		"pose": "[[-3.21029579e-01,-7.66655097e-01, 5.56039541e-01, 1.18428962e-04],\n [-8.53035301e-01, 4.89126250e-01, 1.81896362e-01,-1.77546538e-02],\n [-4.11425308e-01,-4.15927245e-01,-8.11007856e-01, 8.26257819e-03],\n [ 0.00000000e+00, 0.00000000e+00, 0.00000000e+00, 1.00000000e+00]]",
		"width": 0.014252263360112963
	},
	{
		"pose": "[[ 5.33482889e-02,-9.94291627e-01, 9.24019469e-02, 1.86601175e-04],\n [-3.10470105e-01, 7.14320965e-02, 9.47895442e-01,-1.77194603e-02],\n [-9.49084967e-01,-7.92566421e-02,-3.04887046e-01, 7.54477340e-03],\n [ 0.00000000e+00, 0.00000000e+00, 0.00000000e+00, 1.00000000e+00]]",
		"width": 0.013660402689463889
	},
	{
		"pose": "[[ 4.54004384e-01,-7.66655097e-01, 4.54004384e-01, 1.18428962e-04],\n [-4.50833888e-02, 4.89126250e-01, 8.71047071e-01,-1.77546538e-02],\n [-8.89858139e-01,-4.15927245e-01, 1.87502052e-01, 8.26257819e-03],\n [ 0.00000000e+00, 0.00000000e+00, 0.00000000e+00, 1.00000000e+00]]",
		"width": 0.014252263360112963
	},
	{
		"pose": "[[-1.42803966e-02, 9.99796049e-01,-1.42803966e-02,-3.31305726e-04],\n [ 9.29204331e-01, 7.99471743e-03,-3.69479898e-01, 8.54435895e-03],\n [-3.69290375e-01,-1.85457259e-02,-9.29128987e-01, 2.24207830e-02],\n [ 0.00000000e+00, 0.00000000e+00, 0.00000000e+00, 1.00000000e+00]]",
		"width": 0.011311840133099297
	},
	{
		"pose": "[[-1.74898425e-02, 9.99796049e-01, 1.00977653e-02,-3.31305726e-04],\n [-1.16394399e-01, 7.99471743e-03,-9.93170896e-01, 8.54435895e-03],\n [-9.93049067e-01,-1.85457259e-02, 1.16230833e-01, 2.24207830e-02],\n [ 0.00000000e+00, 0.00000000e+00, 0.00000000e+00, 1.00000000e+00]]",
		"width": 0.011311840133099297
	},
	{
		"pose": "[[ 1.00977653e-02, 9.99796049e-01, 1.74898425e-02,-3.31305726e-04],\n [-9.93170896e-01, 7.99471743e-03, 1.16394399e-01, 8.54435895e-03],\n [ 1.16230833e-01,-1.85457259e-02, 9.93049067e-01, 2.24207830e-02],\n [ 0.00000000e+00, 0.00000000e+00, 0.00000000e+00, 1.00000000e+00]]",
		"width": 0.011311840133099297
	},
	{
		"pose": "[[ 1.42803966e-02, 9.99796049e-01,-1.42803966e-02,-3.31305726e-04],\n [ 3.69479898e-01, 7.99471743e-03, 9.29204331e-01, 8.54435895e-03],\n [ 9.29128987e-01,-1.85457259e-02,-3.69290375e-01, 2.24207830e-02],\n [ 0.00000000e+00, 0.00000000e+00, 0.00000000e+00, 1.00000000e+00]]",
		"width": 0.011311840133099297
	},
	{
		"pose": "[[-1.74898425e-02,-9.99796049e-01,-1.00977653e-02,-3.31305726e-04],\n [-1.16394399e-01,-7.99471743e-03, 9.93170896e-01, 8.54435895e-03],\n [-9.93049067e-01, 1.85457259e-02,-1.16230833e-01, 2.24207830e-02],\n [ 0.00000000e+00, 0.00000000e+00, 0.00000000e+00, 1.00000000e+00]]",
		"width": 0.011311840133099297
	},
	{
		"pose": "[[ 1.00977653e-02,-9.99796049e-01,-1.74898425e-02,-3.31305726e-04],\n [-9.93170896e-01,-7.99471743e-03,-1.16394399e-01, 8.54435895e-03],\n [ 1.16230833e-01, 1.85457259e-02,-9.93049067e-01, 2.24207830e-02],\n [ 0.00000000e+00, 0.00000000e+00, 0.00000000e+00, 1.00000000e+00]]",
		"width": 0.011311840133099297
	},
	{
		"pose": "[[ 1.95073846e-02,-9.99796049e-01,-5.22698794e-03,-3.31305726e-04],\n [-6.19974607e-01,-7.99471743e-03,-7.84581144e-01, 8.54435895e-03],\n [ 7.84379340e-01, 1.85457259e-02,-6.20004119e-01, 2.24207830e-02],\n [ 0.00000000e+00, 0.00000000e+00, 0.00000000e+00, 1.00000000e+00]]",
		"width": 0.011311840133099297
	},
	{
		"pose": "[[-6.66913642e-03, 9.99667961e-01,-2.48895560e-02,-3.01765788e-04],\n [-3.53702026e-01,-2.56393015e-02,-9.35006686e-01, 2.91954953e-02],\n [-9.35334378e-01, 2.56779924e-03, 3.53755576e-01,-8.59587986e-03],\n [ 0.00000000e+00, 0.00000000e+00, 0.00000000e+00, 1.00000000e+00]]",
		"width": 0.014010018786136669
	},
	{
		"pose": "[[ 1.28837822e-02, 9.99667961e-01,-2.23153654e-02,-3.01765788e-04],\n [ 4.11044467e-01,-2.56393015e-02,-9.11254669e-01, 2.91954953e-02],\n [-9.11524248e-01, 2.56779924e-03,-4.11238315e-01,-8.59587986e-03],\n [ 0.00000000e+00, 0.00000000e+00, 0.00000000e+00, 1.00000000e+00]]",
		"width": 0.014010018786136669
	},
	{
		"pose": "[[ 1.11022302e-16, 9.95772372e-01, 9.18552294e-02,-2.67968319e-04],\n [ 3.44639153e-01, 8.62277410e-02,-9.34766618e-01, 2.95014038e-02],\n [-9.38735242e-01, 3.16569085e-02,-3.43182147e-01,-8.86386009e-03],\n [ 0.00000000e+00, 0.00000000e+00, 0.00000000e+00, 1.00000000e+00]]",
		"width": 0.013972865112988172
	},
	{
		"pose": "[[ 2.57675644e-02, 9.99667961e-01, 0.00000000e+00,-3.01765788e-04],\n [ 9.94691926e-01,-2.56393015e-02,-9.96523845e-02, 2.91954953e-02],\n [-9.96192960e-02, 2.56779924e-03,-9.95022312e-01,-8.59587986e-03],\n [ 0.00000000e+00, 0.00000000e+00, 0.00000000e+00, 1.00000000e+00]]",
		"width": 0.014010018786136669
	},
	{
		"pose": "[[ 1.28837822e-02,-9.99667961e-01,-2.23153654e-02,-3.01765788e-04],\n [ 5.83647460e-01, 2.56393015e-02,-8.11602285e-01, 2.91954953e-02],\n [ 8.11904952e-01,-2.56779924e-03, 5.83783997e-01,-8.59587986e-03],\n [ 0.00000000e+00, 0.00000000e+00, 0.00000000e+00, 1.00000000e+00]]",
		"width": 0.014010018786136669
	},
	{
		"pose": "[[-2.02146178e-16, 7.44082915e-01, 6.68087282e-01,-5.26124842e-04],\n [ 3.76395649e-01, 6.18955488e-01,-6.89362328e-01, 2.97115642e-02],\n [-9.26459020e-01, 2.51465146e-01,-2.80069571e-01,-8.72528400e-03],\n [ 0.00000000e+00, 0.00000000e+00, 0.00000000e+00, 1.00000000e+00]]",
		"width": 0.01371822317823817
	},
	{
		"pose": "[[ 2.48895560e-02,-9.99667961e-01, 6.66913642e-03,-3.01765788e-04],\n [ 9.35006686e-01, 2.56393015e-02, 3.53702026e-01, 2.91954953e-02],\n [-3.53755576e-01,-2.56779924e-03, 9.35334378e-01,-8.59587986e-03],\n [ 0.00000000e+00, 0.00000000e+00, 0.00000000e+00, 1.00000000e+00]]",
		"width": 0.014010018786136669
	},
	{
		"pose": "[[-4.72409047e-01,-7.44082915e-01,-4.72409047e-01,-5.26124842e-04],\n [ 7.53604692e-01,-6.18955488e-01, 2.21300861e-01, 2.97115642e-02],\n [-4.57066362e-01,-2.51465146e-01, 8.53144549e-01,-8.72528400e-03],\n [ 0.00000000e+00, 0.00000000e+00, 0.00000000e+00, 1.00000000e+00]]",
		"width": 0.01371822317823817
	},
	{
		"pose": "[[-4.72409047e-01,-7.44082915e-01, 4.72409047e-01,-5.26124842e-04],\n [ 2.21300861e-01,-6.18955488e-01,-7.53604692e-01, 2.97115642e-02],\n [ 8.53144549e-01,-2.51465146e-01, 4.57066362e-01,-8.72528400e-03],\n [ 0.00000000e+00, 0.00000000e+00, 0.00000000e+00, 1.00000000e+00]]",
		"width": 0.01371822317823817
	},
	{
		"pose": "[[ 3.34043641e-01,-7.44082915e-01, 5.78580558e-01,-5.26124842e-04],\n [-6.70649358e-01,-6.18955488e-01,-4.08807464e-01, 2.97115642e-02],\n [ 6.62302261e-01,-2.51465146e-01,-7.05776874e-01,-8.72528400e-03],\n [ 0.00000000e+00, 0.00000000e+00, 0.00000000e+00, 1.00000000e+00]]",
		"width": 0.01371822317823817
	},
	{
		"pose": "[[-1.82204195e-02,-9.99667961e-01,-1.82204195e-02,-3.01765788e-04],\n [-6.32888530e-01, 2.56393015e-02,-7.73818283e-01, 2.91954953e-02],\n [ 7.74028504e-01,-2.56779924e-03,-6.33145545e-01,-8.59587986e-03],\n [ 0.00000000e+00, 0.00000000e+00, 0.00000000e+00, 1.00000000e+00]]",
		"width": 0.014010018786136669
	},
	{
		"pose": "[[-2.57675644e-02,-9.99667961e-01, 0.00000000e+00,-3.01765788e-04],\n [-9.94691926e-01, 2.56393015e-02,-9.96523845e-02, 2.91954953e-02],\n [ 9.96192960e-02,-2.56779924e-03,-9.95022312e-01,-8.59587986e-03],\n [ 0.00000000e+00, 0.00000000e+00, 0.00000000e+00, 1.00000000e+00]]",
		"width": 0.014010018786136669
	},
	{
		"pose": "[[-6.24141763e-01,-4.69993744e-01,-6.24141763e-01,-4.10787028e-05],\n [-5.99982621e-01, 8.00009302e-01,-2.44360526e-03, 2.94437618e-02],\n [ 5.00467695e-01, 3.72949055e-01,-7.81307294e-01,-8.60347210e-03],\n [ 0.00000000e+00, 0.00000000e+00, 0.00000000e+00, 1.00000000e+00]]",
		"width": 0.013336766344243717
	},
	{
		"pose": "[[ 2.28451741e-01,-4.69993744e-01,-8.52593504e-01,-4.10787028e-05],\n [-2.97875086e-01, 8.00009302e-01,-5.20821994e-01, 2.94437618e-02],\n [ 9.26865813e-01, 3.72949055e-01, 4.27640908e-02,-8.60347210e-03],\n [ 0.00000000e+00, 0.00000000e+00, 0.00000000e+00, 1.00000000e+00]]",
		"width": 0.013336766344243717
	},
	{
		"pose": "[[-1.82204195e-02, 9.99667961e-01,-1.82204195e-02,-3.01765788e-04],\n [-7.73818283e-01,-2.56393015e-02,-6.32888530e-01, 2.91954953e-02],\n [-6.33145545e-01, 2.56779924e-03, 7.74028504e-01,-8.59587986e-03],\n [ 0.00000000e+00, 0.00000000e+00, 0.00000000e+00, 1.00000000e+00]]",
		"width": 0.014010018786136669
	},
	{
		"pose": "[[-2.57675644e-02, 9.99667961e-01,-3.39335621e-18,-3.01765788e-04],\n [-9.94691926e-01,-2.56393015e-02, 9.96523845e-02, 2.91954953e-02],\n [ 9.96192960e-02, 2.56779924e-03, 9.95022312e-01,-8.59587986e-03],\n [ 0.00000000e+00, 0.00000000e+00, 0.00000000e+00, 1.00000000e+00]]",
		"width": 0.014010018786136669
	},
	{
		"pose": "[[ 2.30853932e-01,-9.45205229e-01, 2.30853932e-01,-4.02099303e-04],\n [ 9.44400455e-01, 2.74763968e-01, 1.80589434e-01, 1.99292658e-02],\n [-2.34124419e-01, 1.76328777e-01, 9.56082590e-01, 7.59745068e-03],\n [ 0.00000000e+00, 0.00000000e+00, 0.00000000e+00, 1.00000000e+00]]",
		"width": 0.013461104609081585
	},
	{
		"pose": "[[-1.45217767e-01, 8.27762687e-01, 5.41960085e-01,-4.04283720e-04],\n [ 7.62370294e-01, 4.42758565e-01,-4.71970749e-01, 1.99684519e-02],\n [-6.30637245e-01, 3.44635732e-01,-6.95358093e-01, 7.79358615e-03],\n [ 0.00000000e+00, 0.00000000e+00, 0.00000000e+00, 1.00000000e+00]]",
		"width": 0.013502165423358038
	},
	{
		"pose": "[[ 5.96089750e-02, 9.96440435e-01,-5.96089750e-02,-4.03115880e-04],\n [ 9.52173213e-01,-7.46855090e-02,-2.96290815e-01, 2.06842832e-02],\n [-2.99688076e-01,-3.90964774e-02,-9.53235817e-01, 6.52527608e-03],\n [ 0.00000000e+00, 0.00000000e+00, 0.00000000e+00, 1.00000000e+00]]",
		"width": 0.013418487831256539
	},
	{
		"pose": "[[-4.81886903e-17, 8.46773466e-01,-5.31953661e-01,-3.91958521e-04],\n [ 5.53294654e-01,-4.43109744e-01,-7.05350112e-01, 2.07704421e-02],\n [-8.32985609e-01,-2.94327117e-01,-4.68515232e-01, 6.50023877e-03],\n [ 0.00000000e+00, 0.00000000e+00, 0.00000000e+00, 1.00000000e+00]]",
		"width": 0.013610088081543528
	},
	{
		"pose": "[[ 1.45217767e-01, 8.27762687e-01, 5.41960085e-01,-4.04283720e-04],\n [ 4.24246668e-01, 4.42758565e-01,-7.89923805e-01, 1.99684519e-02],\n [-8.93826921e-01, 3.44635732e-01,-2.86879151e-01, 7.79358615e-03],\n [ 0.00000000e+00, 0.00000000e+00, 0.00000000e+00, 1.00000000e+00]]",
		"width": 0.013502165423358038
	},
	{
		"pose": "[[ 6.05682231e-01, 7.14748473e-01, 3.49690799e-01,-3.26945768e-04],\n [-1.83840445e-01, 5.53281120e-01,-8.12454733e-01, 2.01472374e-02],\n [-7.74178097e-01, 4.27802083e-01, 4.66512220e-01, 7.40748574e-03],\n [ 0.00000000e+00, 0.00000000e+00, 0.00000000e+00, 1.00000000e+00]]",
		"width": 0.013529251675638511
	},
	{
		"pose": "[[-3.15352336e-01, 9.45205229e-01,-8.44984036e-02,-4.02099303e-04],\n [-6.28595264e-01,-2.74763968e-01,-7.27580068e-01, 1.99292658e-02],\n [-7.10929601e-01,-1.76328777e-01, 6.80798990e-01, 7.59745068e-03],\n [ 0.00000000e+00, 0.00000000e+00, 0.00000000e+00, 1.00000000e+00]]",
		"width": 0.013461104609081585
	},
	{
		"pose": "[[ 2.80539184e-01,-8.27762687e-01, 4.85908119e-01,-4.04283720e-04],\n [-8.58548175e-01,-4.42758565e-01,-2.58572784e-01, 1.99684519e-02],\n [ 4.29176884e-01,-3.44635732e-01,-8.34885270e-01, 7.79358615e-03],\n [ 0.00000000e+00, 0.00000000e+00, 0.00000000e+00, 1.00000000e+00]]",
		"width": 0.013502165423358038
	},
	{
		"pose": "[[ 4.64202969e-01, 7.54341573e-01,-4.64202969e-01,-5.47613993e-04],\n [ 8.52014550e-01,-5.23516523e-01, 1.28694979e-03, 1.98601400e-02],\n [-2.42047124e-01,-3.96105089e-01,-8.85727920e-01, 7.50822621e-03],\n [ 0.00000000e+00, 0.00000000e+00, 0.00000000e+00, 1.00000000e+00]]",
		"width": 0.013622428915521253
	},
	{
		"pose": "[[-2.30853932e-01, 9.45205229e-01, 2.30853932e-01,-4.02099303e-04],\n [-9.44400455e-01,-2.74763968e-01, 1.80589434e-01, 1.99292658e-02],\n [ 2.34124419e-01,-1.76328777e-01, 9.56082590e-01, 7.59745068e-03],\n [ 0.00000000e+00, 0.00000000e+00, 0.00000000e+00, 1.00000000e+00]]",
		"width": 0.013461104609081585
	},
	{
		"pose": "[[-3.49690799e-01,-7.14748473e-01, 6.05682231e-01,-3.26945768e-04],\n [-2.47016871e-01,-5.53281120e-01,-7.95526661e-01, 2.01472374e-02],\n [ 9.03714009e-01,-4.27802083e-01, 1.69223853e-02, 7.40748574e-03],\n [ 0.00000000e+00, 0.00000000e+00, 0.00000000e+00, 1.00000000e+00]]",
		"width": 0.013529251675638511
	},
	{
		"pose": "[[-4.70929370e-02,-9.97779791e-01,-4.70929370e-02,-4.29726845e-04],\n [-8.91291853e-01, 6.32585272e-02,-4.48995758e-01, 1.96453220e-02],\n [ 4.50977923e-01, 2.08290222e-02,-8.92292029e-01, 7.90316542e-03],\n [ 0.00000000e+00, 0.00000000e+00, 0.00000000e+00, 1.00000000e+00]]",
		"width": 0.01333180225167464
	},
	{
		"pose": "[[-8.44984036e-02,-9.45205229e-01,-3.15352336e-01,-4.02099303e-04],\n [-7.27580068e-01, 2.74763968e-01,-6.28595264e-01, 1.99292658e-02],\n [ 6.80798990e-01, 1.76328777e-01,-7.10929601e-01, 7.59745068e-03],\n [ 0.00000000e+00, 0.00000000e+00, 0.00000000e+00, 1.00000000e+00]]",
		"width": 0.013461104609081585
	},
	{
		"pose": "[[ 6.41114511e-01,-4.21834526e-01,-6.41114511e-01,-2.53006818e-04],\n [-1.93433079e-01, 7.19596633e-01,-6.66906537e-01, 2.02306368e-02],\n [ 7.42668047e-01, 5.51576212e-01, 3.79747093e-01, 7.47518085e-03],\n [ 0.00000000e+00, 0.00000000e+00, 0.00000000e+00, 1.00000000e+00]]",
		"width": 0.013451600172082696
	},
	{
		"pose": "[[ 2.30853932e-01,-9.45205229e-01,-2.30853932e-01,-4.02099303e-04],\n [ 1.80589434e-01, 2.74763968e-01,-9.44400455e-01, 1.99292658e-02],\n [ 9.56082590e-01, 1.76328777e-01, 2.34124419e-01, 7.59745068e-03],\n [ 0.00000000e+00, 0.00000000e+00, 0.00000000e+00, 1.00000000e+00]]",
		"width": 0.013461104609081585
	},
	{
		"pose": "[[ 3.15352336e-01,-9.45205229e-01,-8.44984036e-02,-4.02099303e-04],\n [ 6.28595264e-01, 2.74763968e-01,-7.27580068e-01, 1.99292658e-02],\n [ 7.10929601e-01, 1.76328777e-01, 6.80798990e-01, 7.59745068e-03],\n [ 0.00000000e+00, 0.00000000e+00, 0.00000000e+00, 1.00000000e+00]]",
		"width": 0.013461104609081585
	},
	{
		"pose": "[[ 5.65767436e-17, 6.71223201e-01,-7.41255296e-01, 3.93615507e-04],\n [ 1.95501283e-01,-7.26951623e-01,-6.58270906e-01, 3.43316976e-02],\n [-9.80703446e-01,-1.44916362e-01,-1.31224997e-01,-4.47335823e-02],\n [ 0.00000000e+00, 0.00000000e+00, 0.00000000e+00, 1.00000000e+00]]",
		"width": 0.012962915304321681
	},
	{
