[
	{
		"pose": "[[ 2.11809736e-15, 1.35940633e-02, 9.99907596e-01,-4.00700922e-02],\n [ 9.66449982e-01,-2.56831150e-01, 3.49170155e-03,-1.39182537e-02],\n [ 2.56854884e-01, 9.66360679e-01,-1.31379822e-02, 2.81984492e-04],\n [ 0.00000000e+00, 0.00000000e+00, 0.00000000e+00, 1.00000000e+00]]",
		"width": 0.03172874379877378
	},
	{
		"pose": "[[-7.07041442e-01, 1.35940633e-02, 7.07041442e-01,-4.00700922e-02],\n [ 6.80914330e-01,-2.56831150e-01, 6.85852342e-01,-1.39182537e-02],\n [ 1.90913787e-01, 9.66360679e-01, 1.72333874e-01, 2.81984492e-04],\n [ 0.00000000e+00, 0.00000000e+00, 0.00000000e+00, 1.00000000e+00]]",
		"width": 0.03172874379877378
	},
	{
		"pose": "[[ 8.65945380e-01,-1.35940633e-02,-4.99953798e-01,-4.00700922e-02],\n [ 4.86248893e-01, 2.56831150e-01, 8.35224385e-01,-1.39182537e-02],\n [ 1.17049616e-01,-9.66360679e-01, 2.29011846e-01, 2.81984492e-04],\n [ 0.00000000e+00, 0.00000000e+00, 0.00000000e+00, 1.00000000e+00]]",
		"width": 0.03172874379877378
	},
	{
		"pose": "[[ 9.99907596e-01,-1.35940633e-02, 0.00000000e+00,-4.00700922e-02],\n [ 3.49170155e-03, 2.56831150e-01, 9.66449982e-01,-1.39182537e-02],\n [-1.31379822e-02,-9.66360679e-01, 2.56854884e-01, 2.81984492e-04],\n [ 0.00000000e+00, 0.00000000e+00, 0.00000000e+00, 1.00000000e+00]]",
		"width": 0.03172874379877378
	},
	{
		"pose": "[[ 4.99953798e-01, 1.35940633e-02, 8.65945380e-01,-4.00700922e-02],\n [ 8.38716087e-01,-2.56831150e-01,-4.80201089e-01,-1.39182537e-02],\n [ 2.15873864e-01, 9.66360679e-01,-1.39805269e-01, 2.81984492e-04],\n [ 0.00000000e+00, 0.00000000e+00, 0.00000000e+00, 1.00000000e+00]]",
		"width": 0.03172874379877378
	},
	{
		"pose": "[[-9.99907596e-01, 1.35940633e-02, 0.00000000e+00,-4.00700922e-02],\n [-3.49170155e-03,-2.56831150e-01, 9.66449982e-01,-1.39182537e-02],\n [ 1.31379822e-02, 9.66360679e-01, 2.56854884e-01, 2.81984492e-04],\n [ 0.00000000e+00, 0.00000000e+00, 0.00000000e+00, 1.00000000e+00]]",
		"width": 0.03172874379877378
	},
	{
		"pose": "[[-7.07041442e-01, 1.35940633e-02,-7.07041442e-01,-4.00700922e-02],\n [-6.85852342e-01,-2.56831150e-01, 6.80914330e-01,-1.39182537e-02],\n [-1.72333874e-01, 9.66360679e-01, 1.90913787e-01, 2.81984492e-04],\n [ 0.00000000e+00, 0.00000000e+00, 0.00000000e+00, 1.00000000e+00]]",
		"width": 0.03172874379877378
	},
	{
		"pose": "[[ 2.58577785e-01, 4.31676604e-02, 9.65025431e-01,-3.88740283e-02],\n [-9.56421188e-01, 1.51707646e-01, 2.49486076e-01,-1.33568990e-02],\n [-1.35632006e-01,-9.87482326e-01, 8.05146921e-02, 4.38458152e-04],\n [ 0.00000000e+00, 0.00000000e+00, 0.00000000e+00, 1.00000000e+00]]",
		"width": 0.03210150528319955
	},
	{
		"pose": "[[ 2.58795129e-01,-1.35940633e-02, 9.65836571e-01,-4.00700922e-02],\n [-9.32615279e-01, 2.56831150e-01, 2.53508386e-01,-1.39182537e-02],\n [-2.51503126e-01,-9.66360679e-01, 5.37886196e-02, 2.81984492e-04],\n [ 0.00000000e+00, 0.00000000e+00, 0.00000000e+00, 1.00000000e+00]]",
		"width": 0.03172874379877378
	},
	{
		"pose": "[[ 7.06022468e-01, 5.53583770e-02, 7.06022468e-01,-4.13182882e-02],\n [-7.03705241e-01,-5.71720478e-02, 7.08188033e-01, 1.32682758e-03],\n [ 7.95688904e-02,-9.96828374e-01,-1.40877024e-03,-1.22402680e-04],\n [ 0.00000000e+00, 0.00000000e+00, 0.00000000e+00, 1.00000000e+00]]",
		"width": 0.02662040751016266
	},
	{
		"pose": "[[ 1.94289029e-16, 2.68156585e-01, 9.63375340e-01,-4.49421125e-02],\n [-1.02106667e-01,-9.58340216e-01, 2.66755053e-01,-3.84322733e-03],\n [ 9.94773456e-01,-9.83670447e-02, 2.73805750e-02, 4.80436556e-04],\n [ 0.00000000e+00, 0.00000000e+00, 0.00000000e+00, 1.00000000e+00]]",
		"width": 0.03430831371255586
	},
	{
		"pose": "[[ 9.98466549e-01,-5.53583770e-02, 0.00000000e+00,-4.13182882e-02],\n [ 3.16981253e-03, 5.71720478e-02,-9.98359309e-01, 1.32682758e-03],\n [ 5.52675510e-02, 9.96828374e-01, 5.72598530e-02,-1.22402680e-04],\n [ 0.00000000e+00, 0.00000000e+00, 0.00000000e+00, 1.00000000e+00]]",
		"width": 0.02662040751016266
	},
	{
		"pose": "[[-4.81687670e-01,-2.68156585e-01, 8.34307518e-01,-4.49421125e-02],\n [-4.49505591e-02, 9.58340216e-01, 2.82069986e-01,-3.84322733e-03],\n [-8.75189371e-01, 9.83670447e-02,-4.73674454e-01, 4.80436556e-04],\n [ 0.00000000e+00, 0.00000000e+00, 0.00000000e+00, 1.00000000e+00]]",
		"width": 0.03430831371255586
	},
	{
		"pose": "[[-9.99950907e-01, 9.90873280e-03, 0.00000000e+00,-2.56958636e-02],\n [ 7.99036824e-04, 8.06356992e-02, 9.96743320e-01,-1.43761024e-02],\n [ 9.87646322e-03, 9.96694387e-01,-8.06396580e-02, 4.07497417e-04],\n [ 0.00000000e+00, 0.00000000e+00, 0.00000000e+00, 1.00000000e+00]]",
		"width": 0.03323603880972941
	},
	{
		"pose": "[[ 4.99975454e-01,-9.90873280e-03, 8.65982888e-01,-2.56958636e-02],\n [-8.63604554e-01,-8.06356992e-02, 4.97679674e-01,-1.43761024e-02],\n [ 6.48977608e-02,-9.96694387e-01,-4.88730971e-02, 4.07497417e-04],\n [ 0.00000000e+00, 0.00000000e+00, 0.00000000e+00, 1.00000000e+00]]",
		"width": 0.03323603880972941
	},
	{
		"pose": "[[-2.58806339e-01,-9.90873280e-03, 9.65878406e-01,-2.56958636e-02],\n [-9.62573309e-01,-8.06356992e-02,-2.58747965e-01,-1.43761024e-02],\n [ 8.04481451e-02,-9.96694387e-01, 1.13311484e-02, 4.07497417e-04],\n [ 0.00000000e+00, 0.00000000e+00, 0.00000000e+00, 1.00000000e+00]]",
		"width": 0.03323603880972941
	},
	{
		"pose": "[[-9.65878406e-01,-9.90873280e-03, 2.58806339e-01,-2.56958636e-02],\n [-2.57204344e-01,-8.06356992e-02,-9.62986921e-01,-1.43761024e-02],\n [ 3.04110102e-02,-9.96694387e-01, 7.53357115e-02, 4.07497417e-04],\n [ 0.00000000e+00, 0.00000000e+00, 0.00000000e+00, 1.00000000e+00]]",
		"width": 0.03323603880972941
	},
	{
		"pose": "[[ 8.65982888e-01,-9.90873280e-03,-4.99975454e-01,-2.56958636e-02],\n [ 4.97679674e-01,-8.06356992e-02, 8.63604554e-01,-1.43761024e-02],\n [-4.88730971e-02,-9.96694387e-01,-6.48977608e-02, 4.07497417e-04],\n [ 0.00000000e+00, 0.00000000e+00, 0.00000000e+00, 1.00000000e+00]]",
		"width": 0.03323603880972941
	},
	{
		"pose": "[[ 9.99950907e-01,-9.90873280e-03, 0.00000000e+00,-2.56958636e-02],\n [-7.99036824e-04,-8.06356992e-02, 9.96743320e-01,-1.43761024e-02],\n [-9.87646322e-03,-9.96694387e-01,-8.06396580e-02, 4.07497417e-04],\n [ 0.00000000e+00, 0.00000000e+00, 0.00000000e+00, 1.00000000e+00]]",
		"width": 0.03323603880972941
	},
	{
		"pose": "[[ 2.58806339e-01, 9.90873280e-03, 9.65878406e-01,-2.56958636e-02],\n [ 9.62573309e-01, 8.06356992e-02,-2.58747965e-01,-1.43761024e-02],\n [-8.04481451e-02, 9.96694387e-01, 1.13311484e-02, 4.07497417e-04],\n [ 0.00000000e+00, 0.00000000e+00, 0.00000000e+00, 1.00000000e+00]]",
		"width": 0.03323603880972941
	},
	{
		"pose": "[[-8.64918607e-01,-5.05411109e-02, 4.99360991e-01,-2.29256956e-02],\n [ 5.01173426e-01,-3.30070993e-02, 8.64717138e-01,-1.41102545e-02],\n [-2.72213069e-02, 9.98176401e-01, 5.38783161e-02, 4.76515826e-04],\n [ 0.00000000e+00, 0.00000000e+00, 0.00000000e+00, 1.00000000e+00]]",
		"width": 0.0333488973405132
	},
	{
		"pose": "[[-9.65878406e-01, 9.90873280e-03, 2.58806339e-01,-2.56958636e-02],\n [ 2.58747965e-01, 8.06356992e-02, 9.62573309e-01,-1.43761024e-02],\n [-1.13311484e-02, 9.96694387e-01,-8.04481451e-02, 4.07497417e-04],\n [ 0.00000000e+00, 0.00000000e+00, 0.00000000e+00, 1.00000000e+00]]",
		"width": 0.03323603880972941
	},
	{
		"pose": "[[ 8.65982888e-01, 9.90873280e-03, 4.99975454e-01,-2.56958636e-02],\n [ 4.97679674e-01, 8.06356992e-02,-8.63604554e-01,-1.43761024e-02],\n [-4.88730971e-02, 9.96694387e-01, 6.48977608e-02, 4.07497417e-04],\n [ 0.00000000e+00, 0.00000000e+00, 0.00000000e+00, 1.00000000e+00]]",
		"width": 0.03323603880972941
	},
	{
		"pose": "[[ 9.98721981e-01,-5.05411109e-02, 0.00000000e+00,-2.29256956e-02],\n [-1.67035021e-03,-3.30070993e-02,-9.99453721e-01,-1.41102545e-02],\n [ 5.05135014e-02, 9.98176401e-01,-3.30493370e-02, 4.76515826e-04],\n [ 0.00000000e+00, 0.00000000e+00, 0.00000000e+00, 1.00000000e+00]]",
		"width": 0.0333488973405132
	},
	{
		"pose": "[[ 9.99973573e-01, 7.26996147e-03, 0.00000000e+00,-2.39186165e-02],\n [-8.42312865e-04, 1.15859019e-01,-9.93265311e-01, 1.37052396e-02],\n [-7.22100054e-03, 9.93239063e-01, 1.15862081e-01, 9.04065228e-05],\n [ 0.00000000e+00, 0.00000000e+00, 0.00000000e+00, 1.00000000e+00]]",
		"width": 0.028071550004451544
	},
	{
		"pose": "[[ 4.99986787e-01, 7.26996147e-03, 8.66002518e-01,-2.39186165e-02],\n [ 8.59771836e-01, 1.15859019e-01,-4.97362120e-01, 1.37052396e-02],\n [-1.03950006e-01, 9.93239063e-01, 5.16774706e-02, 9.04065228e-05],\n [ 0.00000000e+00, 0.00000000e+00, 0.00000000e+00, 1.00000000e+00]]",
		"width": 0.028071550004451544
	},
	{
		"pose": "[[ 6.98080819e-01, 1.59268136e-01, 6.98080819e-01,-2.23524896e-02],\n [ 1.72653667e-01,-9.83621629e-01, 5.17610123e-02, 8.92260718e-04],\n [ 6.94891273e-01, 8.43928431e-02,-7.14145620e-01, 5.50473788e-04],\n [ 0.00000000e+00, 0.00000000e+00, 0.00000000e+00, 1.00000000e+00]]",
		"width": 0.04164941163379931
	},
	{
		"pose": "[[-4.86663090e-01,-2.29425694e-01, 8.42925197e-01,-2.26382054e-02],\n [-2.89093592e-02, 9.68599294e-01, 2.46940593e-01, 5.75121469e-04],\n [-8.73111268e-01, 9.58084444e-02,-4.78014075e-01, 4.51428889e-05],\n [ 0.00000000e+00, 0.00000000e+00, 0.00000000e+00, 1.00000000e+00]]",
		"width": 0.0417243640398889
	},
	{
		"pose": "[[-9.99973573e-01,-7.26996147e-03, 0.00000000e+00,-2.39186165e-02],\n [ 8.42312865e-04,-1.15859019e-01,-9.93265311e-01, 1.37052396e-02],\n [ 7.22100054e-03,-9.93239063e-01, 1.15862081e-01, 9.04065228e-05],\n [ 0.00000000e+00, 0.00000000e+00, 0.00000000e+00, 1.00000000e+00]]",
		"width": 0.028071550004451544
	},
	{
		"pose": "[[ 4.86663090e-01, 2.29425694e-01, 8.42925197e-01,-2.26382054e-02],\n [ 2.89093592e-02,-9.68599294e-01, 2.46940593e-01, 5.75121469e-04],\n [ 8.73111268e-01,-9.58084444e-02,-4.78014075e-01, 4.51428889e-05],\n [ 0.00000000e+00, 0.00000000e+00, 0.00000000e+00, 1.00000000e+00]]",
		"width": 0.0417243640398889
	},
	{
		"pose": "[[-4.99986787e-01,-7.26996147e-03, 8.66002518e-01,-2.39186165e-02],\n [-8.59771836e-01,-1.15859019e-01,-4.97362120e-01, 1.37052396e-02],\n [ 1.03950006e-01,-9.93239063e-01, 5.16774706e-02, 9.04065228e-05],\n [ 0.00000000e+00, 0.00000000e+00, 0.00000000e+00, 1.00000000e+00]]",
		"width": 0.028071550004451544
	},
	{
		"pose": "[[-8.65748310e-01,-2.52946243e-02,-4.99840020e-01,-1.82779085e-02],\n [ 4.99921824e-01,-9.08466787e-02,-8.61292663e-01, 1.87346760e-02],\n [-2.36227314e-02,-9.95543602e-01, 9.12956932e-02, 8.50165336e-05],\n [ 0.00000000e+00, 0.00000000e+00, 0.00000000e+00, 1.00000000e+00]]",
		"width": 0.028434385920351943
	},
	{
		"pose": "[[-2.58736233e-01, 2.52946243e-02, 9.65616768e-01,-1.82779085e-02],\n [ 9.62523994e-01, 9.08466787e-02, 2.55527771e-01, 1.87346760e-02],\n [-8.12595973e-02, 9.95543602e-01,-4.78520102e-02, 8.50165336e-05],\n [ 0.00000000e+00, 0.00000000e+00, 0.00000000e+00, 1.00000000e+00]]",
		"width": 0.028434385920351943
	},
	{
		"pose": "[[-9.65616768e-01,-2.52946243e-02, 2.58736233e-01,-1.82779085e-02],\n [-2.55527771e-01,-9.08466787e-02,-9.62523994e-01, 1.87346760e-02],\n [ 4.78520102e-02,-9.95543602e-01, 8.12595973e-02, 8.50165336e-05],\n [ 0.00000000e+00, 0.00000000e+00, 0.00000000e+00, 1.00000000e+00]]",
		"width": 0.028434385920351943
	},
	{
		"pose": "[[-1.19633988e-16,-2.52946243e-02, 9.99680040e-01,-1.82779085e-02],\n [-9.95862238e-01,-9.08466787e-02,-2.29866809e-03, 1.87346760e-02],\n [ 9.08757553e-02,-9.95543602e-01,-2.51899611e-02, 8.50165336e-05],\n [ 0.00000000e+00, 0.00000000e+00, 0.00000000e+00, 1.00000000e+00]]",
		"width": 0.028434385920351943
	},
	{
		"pose": "[[ 4.99840020e-01, 2.52946243e-02, 8.65748310e-01,-1.82779085e-02],\n [ 8.61292663e-01, 9.08466787e-02,-4.99921824e-01, 1.87346760e-02],\n [-9.12956932e-02, 9.95543602e-01, 2.36227314e-02, 8.50165336e-05],\n [ 0.00000000e+00, 0.00000000e+00, 0.00000000e+00, 1.00000000e+00]]",
		"width": 0.028434385920351943
	},
	{
		"pose": "[[ 9.99680040e-01, 2.52946243e-02,-5.65310413e-16,-1.82779085e-02],\n [-2.29866809e-03, 9.08466787e-02,-9.95862238e-01, 1.87346760e-02],\n [-2.51899611e-02, 9.95543602e-01, 9.08757553e-02, 8.50165336e-05],\n [ 0.00000000e+00, 0.00000000e+00, 0.00000000e+00, 1.00000000e+00]]",
		"width": 0.028434385920351943
	},
	{
		"pose": "[[-4.99762827e-01,-3.07971672e-02, 8.65614609e-01,-6.97627334e-03],\n [ 8.65459873e-01, 2.24842300e-02, 5.00473443e-01,-1.45398573e-02],\n [-3.48758422e-02, 9.99272732e-01, 1.54169300e-02, 6.97934727e-04],\n [ 0.00000000e+00, 0.00000000e+00, 0.00000000e+00, 1.00000000e+00]]",
		"width": 0.0344081268321756
	},
	{
		"pose": "[[-9.99525655e-01,-3.07971672e-02,-1.22279524e-16,-6.97627334e-03],\n [-6.92779206e-04, 2.24842300e-02, 9.99746958e-01,-1.45398573e-02],\n [-3.07893742e-02, 9.99272732e-01,-2.24949003e-02, 6.97934727e-04],\n [ 0.00000000e+00, 0.00000000e+00, 0.00000000e+00, 1.00000000e+00]]",
		"width": 0.0344081268321756
	},
	{
		"pose": "[[-8.65322379e-01,-4.02853097e-02,-4.99594109e-01,-3.22416814e-03],\n [-5.00888065e-01, 3.34703362e-02, 8.64864661e-01,-1.46331182e-02],\n [-1.81197580e-02, 9.98627473e-01,-4.91410618e-02, 7.50274685e-04],\n [ 0.00000000e+00, 0.00000000e+00, 0.00000000e+00, 1.00000000e+00]]",
		"width": 0.034627917856759165
	},
	{
		"pose": "[[ 9.99525655e-01, 3.07971672e-02,-1.22279524e-16,-6.97627334e-03],\n [ 6.92779206e-04,-2.24842300e-02, 9.99746958e-01,-1.45398573e-02],\n [ 3.07893742e-02,-9.99272732e-01,-2.24949003e-02, 6.97934727e-04],\n [ 0.00000000e+00, 0.00000000e+00, 0.00000000e+00, 1.00000000e+00]]",
		"width": 0.0344081268321756
	},
	{
		"pose": "[[ 7.06771368e-01, 3.07971672e-02,-7.06771368e-01,-6.97627334e-03],\n [ 7.07417722e-01,-2.24842300e-02, 7.06437984e-01,-1.45398573e-02],\n [ 5.86507869e-03,-9.99272732e-01,-3.76776719e-02, 6.97934727e-04],\n [ 0.00000000e+00, 0.00000000e+00, 0.00000000e+00, 1.00000000e+00]]",
		"width": 0.0344081268321756
	},
	{
		"pose": "[[-9.99525655e-01, 3.07971672e-02, 0.00000000e+00,-6.97627334e-03],\n [-6.92779206e-04,-2.24842300e-02,-9.99746958e-01,-1.45398573e-02],\n [-3.07893742e-02,-9.99272732e-01, 2.24949003e-02, 6.97934727e-04],\n [ 0.00000000e+00, 0.00000000e+00, 0.00000000e+00, 1.00000000e+00]]",
		"width": 0.0344081268321756
	},
	{
		"pose": "[[ 2.58696276e-01, 3.07971672e-02, 9.65467644e-01,-6.97627334e-03],\n [-9.65502102e-01,-2.24842300e-02, 2.59422726e-01,-1.45398573e-02],\n [ 2.96972816e-02,-9.99272732e-01, 2.39181431e-02, 6.97934727e-04],\n [ 0.00000000e+00, 0.00000000e+00, 0.00000000e+00, 1.00000000e+00]]",
		"width": 0.0344081268321756
	},
	{
		"pose": "[[ 9.99525655e-01,-3.07971672e-02, 0.00000000e+00,-6.97627334e-03],\n [ 6.92779206e-04, 2.24842300e-02,-9.99746958e-01,-1.45398573e-02],\n [ 3.07893742e-02, 9.99272732e-01, 2.24949003e-02, 6.97934727e-04],\n [ 0.00000000e+00, 0.00000000e+00, 0.00000000e+00, 1.00000000e+00]]",
		"width": 0.0344081268321756
	},
	{
		"pose": "[[-9.65880561e-01,-9.68101585e-03,-2.58806916e-01,-5.65092242e-03],\n [-2.58987832e-01, 3.52884196e-02, 9.65235738e-01, 1.45091947e-02],\n [-2.11575416e-04, 9.99330278e-01,-3.65916639e-02, 3.75525993e-04],\n [ 0.00000000e+00, 0.00000000e+00, 0.00000000e+00, 1.00000000e+00]]",
		"width": 0.02989910483326059
	},
	{
		"pose": "[[ 8.65125539e-01, 4.55748602e-02,-4.99480463e-01,-2.98643232e-03],\n [ 3.49844772e-02,-9.98920774e-01,-3.05511648e-02, 4.09159398e-03],\n [-5.00333776e-01, 8.95653008e-03,-8.65786286e-01, 5.22386293e-04],\n [ 0.00000000e+00, 0.00000000e+00, 0.00000000e+00, 1.00000000e+00]]",
		"width": 0.047158751256869635
	},
	{
		"pose": "[[ 7.07073645e-01,-9.68101585e-03,-7.07073645e-01,-5.65092242e-03],\n [-7.06424754e-01, 3.52884196e-02,-7.06907911e-01, 1.45091947e-02],\n [ 3.17950982e-02, 9.99330278e-01, 1.81126022e-02, 3.75525993e-04],\n [ 0.00000000e+00, 0.00000000e+00, 0.00000000e+00, 1.00000000e+00]]",
		"width": 0.02989910483326059
	},
	{
		"pose": "[[ 9.98960926e-01, 4.55748602e-02, 0.00000000e+00,-2.98643232e-03],\n [ 4.55730284e-02,-9.98920774e-01,-8.96584626e-03, 4.09159398e-03],\n [-4.08617190e-04, 8.95653008e-03,-9.99959806e-01, 5.22386293e-04],\n [ 0.00000000e+00, 0.00000000e+00, 0.00000000e+00, 1.00000000e+00]]",
		"width": 0.047158751256869635
	},
	{
		"pose": "[[-9.99953138e-01,-9.68101585e-03, 0.00000000e+00,-5.65092242e-03],\n [-3.41643760e-04, 3.52884196e-02, 9.99377111e-01, 1.45091947e-02],\n [-9.67498566e-03, 9.99330278e-01,-3.52900734e-02, 3.75525993e-04],\n [ 0.00000000e+00, 0.00000000e+00, 0.00000000e+00, 1.00000000e+00]]",
		"width": 0.02989910483326059
	},
	{
		"pose": "[[ 9.64922158e-01,-4.55748602e-02, 2.58550113e-01,-2.98643232e-03],\n [ 4.16996333e-02, 9.98920774e-01, 2.04555101e-02, 4.09159398e-03],\n [-2.59203336e-01,-8.95653008e-03, 9.65781244e-01, 5.22386293e-04],\n [ 0.00000000e+00, 0.00000000e+00, 0.00000000e+00, 1.00000000e+00]]",
		"width": 0.047158751256869635
	},
	{
		"pose": "[[ 2.58806916e-01,-9.68101585e-03, 9.65880561e-01,-5.65092242e-03],\n [ 9.65412586e-01, 3.52884196e-02,-2.58327827e-01, 1.45091947e-02],\n [-3.15835228e-02, 9.99330278e-01, 1.84790616e-02, 3.75525993e-04],\n [ 0.00000000e+00, 0.00000000e+00, 0.00000000e+00, 1.00000000e+00]]",
		"width": 0.02989910483326059
	},
	{
		"pose": "[[ 9.65880561e-01,-9.68101585e-03, 2.58806916e-01,-5.65092242e-03],\n [ 2.58987832e-01, 3.52884196e-02,-9.65235738e-01, 1.45091947e-02],\n [ 2.11575416e-04, 9.99330278e-01, 3.65916639e-02, 3.75525993e-04],\n [ 0.00000000e+00, 0.00000000e+00, 0.00000000e+00, 1.00000000e+00]]",
		"width": 0.02989910483326059
	},
	{
		"pose": "[[ 8.65125539e-01,-4.55748602e-02,-4.99480463e-01,-2.98643232e-03],\n [ 4.39503234e-02, 9.98920774e-01,-1.50218636e-02, 4.09159398e-03],\n [ 4.99626030e-01,-8.95653008e-03, 8.66194903e-01, 5.22386293e-04],\n [ 0.00000000e+00, 0.00000000e+00, 0.00000000e+00, 1.00000000e+00]]",
		"width": 0.047158751256869635
	},
	{
		"pose": "[[-7.07073645e-01, 9.68101585e-03,-7.07073645e-01,-5.65092242e-03],\n [ 7.06424754e-01,-3.52884196e-02,-7.06907911e-01, 1.45091947e-02],\n [-3.17950982e-02,-9.99330278e-01, 1.81126022e-02, 3.75525993e-04],\n [ 0.00000000e+00, 0.00000000e+00, 0.00000000e+00, 1.00000000e+00]]",
		"width": 0.02989910483326059
	},
	{
		"pose": "[[-9.98960926e-01,-4.55748602e-02, 0.00000000e+00,-2.98643232e-03],\n [-4.55730284e-02, 9.98920774e-01,-8.96584626e-03, 4.09159398e-03],\n [ 4.08617190e-04,-8.95653008e-03,-9.99959806e-01, 5.22386293e-04],\n [ 0.00000000e+00, 0.00000000e+00, 0.00000000e+00, 1.00000000e+00]]",
		"width": 0.047158751256869635
	},
	{
		"pose": "[[ 8.65125539e-01, 4.55748602e-02, 4.99480463e-01,-2.98643232e-03],\n [ 4.39503234e-02,-9.98920774e-01, 1.50218636e-02, 4.09159398e-03],\n [ 4.99626030e-01, 8.95653008e-03,-8.66194903e-01, 5.22386293e-04],\n [ 0.00000000e+00, 0.00000000e+00, 0.00000000e+00, 1.00000000e+00]]",
		"width": 0.047158751256869635
	},
	{
		"pose": "[[ 9.65880561e-01, 9.68101585e-03,-2.58806916e-01,-5.65092242e-03],\n [ 2.58987832e-01,-3.52884196e-02, 9.65235738e-01, 1.45091947e-02],\n [ 2.11575416e-04,-9.99330278e-01,-3.65916639e-02, 3.75525993e-04],\n [ 0.00000000e+00, 0.00000000e+00, 0.00000000e+00, 1.00000000e+00]]",
		"width": 0.02989910483326059
	},
	{
		"pose": "[[ 9.99953138e-01, 9.68101585e-03, 0.00000000e+00,-5.65092242e-03],\n [ 3.41643760e-04,-3.52884196e-02, 9.99377111e-01, 1.45091947e-02],\n [ 9.67498566e-03,-9.99330278e-01,-3.52900734e-02, 3.75525993e-04],\n [ 0.00000000e+00, 0.00000000e+00, 0.00000000e+00, 1.00000000e+00]]",
		"width": 0.02989910483326059
	},
	{
		"pose": "[[-7.06372045e-01, 4.55748602e-02, 7.06372045e-01,-2.98643232e-03],\n [-2.58851867e-02,-9.98920774e-01, 3.85648081e-02, 4.09159398e-03],\n [ 7.07367296e-01, 8.95653008e-03, 7.06789424e-01, 5.22386293e-04],\n [ 0.00000000e+00, 0.00000000e+00, 0.00000000e+00, 1.00000000e+00]]",
		"width": 0.047158751256869635
	},
	{
		"pose": "[[-9.98960926e-01, 4.55748602e-02,-5.65913020e-16,-2.98643232e-03],\n [-4.55730284e-02,-9.98920774e-01, 8.96584626e-03, 4.09159398e-03],\n [ 4.08617190e-04, 8.95653008e-03, 9.99959806e-01, 5.22386293e-04],\n [ 0.00000000e+00, 0.00000000e+00, 0.00000000e+00, 1.00000000e+00]]",
		"width": 0.047158751256869635
	},
	{
		"pose": "[[-2.58806916e-01, 9.68101585e-03, 9.65880561e-01,-5.65092242e-03],\n [-9.65412586e-01,-3.52884196e-02,-2.58327827e-01, 1.45091947e-02],\n [ 3.15835228e-02,-9.99330278e-01, 1.84790616e-02, 3.75525993e-04],\n [ 0.00000000e+00, 0.00000000e+00, 0.00000000e+00, 1.00000000e+00]]",
		"width": 0.02989910483326059
	},
	{
		"pose": "[[-9.99953138e-01, 9.68101585e-03,-1.22407895e-16,-5.65092242e-03],\n [-3.41643760e-04,-3.52884196e-02,-9.99377111e-01, 1.45091947e-02],\n [-9.67498566e-03,-9.99330278e-01, 3.52900734e-02, 3.75525993e-04],\n [ 0.00000000e+00, 0.00000000e+00, 0.00000000e+00, 1.00000000e+00]]",
		"width": 0.02989910483326059
	},
	{
		"pose": "[[-9.99344541e-01, 3.62006691e-02, 0.00000000e+00,-2.31518377e-03],\n [-2.78058209e-03,-7.67598942e-02,-9.97045730e-01, 1.88271408e-02],\n [-3.60937225e-02,-9.96392207e-01, 7.68102402e-02, 2.84052696e-04],\n [ 0.00000000e+00, 0.00000000e+00, 0.00000000e+00, 1.00000000e+00]]",
		"width": 0.029742320041154093
	},
	{
		"pose": "[[-2.58816487e-01,-4.44618971e-03, 9.65916279e-01,-3.42536758e-03],\n [-9.64213753e-01, 6.07134581e-02,-2.58080828e-01, 1.84528127e-02],\n [-5.74966412e-02,-9.98145334e-01,-2.00007212e-02, 4.24881958e-04],\n [ 0.00000000e+00, 0.00000000e+00, 0.00000000e+00, 1.00000000e+00]]",
		"width": 0.029752657995617878
	},
	{
		"pose": "[[ 9.99160210e-01,-4.09740635e-02, 0.00000000e+00,-2.88689775e-03],\n [ 3.59976233e-03, 8.77808785e-02,-9.96133304e-01, 2.01103421e-02],\n [ 4.08156293e-02, 9.95296762e-01, 8.78546579e-02, 2.42774066e-04],\n [ 0.00000000e+00, 0.00000000e+00, 0.00000000e+00, 1.00000000e+00]]",
		"width": 0.02957447947212076
	},
	{
		"pose": "[[ 8.66016844e-01, 4.44618971e-03, 4.99995058e-01,-3.42536758e-03],\n [ 4.99311380e-01,-6.07134581e-02,-8.64292787e-01, 1.84528127e-02],\n [ 2.65136193e-02, 9.98145334e-01,-5.47989105e-02, 4.24881958e-04],\n [ 0.00000000e+00, 0.00000000e+00, 0.00000000e+00, 1.00000000e+00]]",
		"width": 0.029752657995617878
	},
	{
		"pose": "[[-7.07099792e-01,-4.44618971e-03,-7.07099792e-01,-3.42536758e-03],\n [ 7.05611430e-01, 6.07134581e-02,-7.05993191e-01, 1.84528127e-02],\n [ 4.60694532e-02,-9.98145334e-01,-3.97931913e-02, 4.24881958e-04],\n [ 0.00000000e+00, 0.00000000e+00, 0.00000000e+00, 1.00000000e+00]]",
		"width": 0.029752657995617878
	},
	{
		"pose": "[[-4.99580105e-01, 4.09740635e-02,-8.65298125e-01,-2.88689775e-03],\n [ 8.60876866e-01,-8.77808785e-02,-5.01184138e-01, 2.01103421e-02],\n [-9.64921802e-02,-9.95296762e-01, 8.57995714e-03, 2.42774066e-04],\n [ 0.00000000e+00, 0.00000000e+00, 0.00000000e+00, 1.00000000e+00]]",
		"width": 0.02957447947212076
	},
	{
		"pose": "[[-9.99660717e-01, 2.60470832e-02,-1.22488551e-16, 9.35092281e-03],\n [-1.44817778e-03,-5.55795991e-02,-9.98453209e-01,-1.42573080e-02],\n [-2.60067938e-02,-9.98114451e-01, 5.55984627e-02, 1.00089004e-03],\n [ 0.00000000e+00, 0.00000000e+00, 0.00000000e+00, 1.00000000e+00]]",
		"width": 0.0347973891356969
	},
	{
		"pose": "[[-0.96476363,-0.04904026,-0.25850763, 0.01558139],\n [-0.2607957 , 0.04797841, 0.96420105,-0.01404558],\n [-0.03488189, 0.99764379,-0.05907732, 0.00112808],\n [ 0.        , 0.        , 0.        , 1.        ]]",
		"width": 0.03449153244619986
	},
	{
		"pose": "[[-0.4993984 ,-0.04904026,-0.8649834 , 0.01558139],\n [-0.86620351, 0.04797841, 0.49738269,-0.01404558],\n [ 0.01710875, 0.99764379,-0.06643919, 0.00112808],\n [ 0.        , 0.        , 0.        , 1.        ]]",
		"width": 0.03449153244619986
	},
	{
		"pose": "[[ 0.9987968 , 0.04904026, 0.        , 0.01558139],\n [ 0.00235571,-0.04797841, 0.99884559,-0.01404558],\n [ 0.04898365,-0.99764379,-0.04803621, 0.00112808],\n [ 0.        , 0.        , 0.        , 1.        ]]",
		"width": 0.03449153244619986
	},
	{
		"pose": "[[ 0.8649834 , 0.04904026,-0.4993984 , 0.01558139],\n [ 0.5014629 ,-0.04797841, 0.86384781,-0.01404558],\n [ 0.01840298,-0.99764379,-0.0660924 , 0.00112808],\n [ 0.        , 0.        , 0.        , 1.        ]]",
		"width": 0.03449153244619986
	},
	{
		"pose": "[[-0.4993984 , 0.04904026,-0.8649834 , 0.01558139],\n [ 0.86384781,-0.04797841,-0.5014629 ,-0.01404558],\n [-0.0660924 ,-0.99764379,-0.01840298, 0.00112808],\n [ 0.        , 0.        , 0.        , 1.        ]]",
		"width": 0.03449153244619986
	},
	{
		"pose": "[[-0.99966072,-0.02604708, 0.        , 0.00935092],\n [-0.00144818, 0.0555796 , 0.99845321,-0.01425731],\n [-0.02600679, 0.99811445,-0.05559846, 0.00100089],\n [ 0.        , 0.        , 0.        , 1.        ]]",
		"width": 0.0347973891356969
	},
	{
		"pose": "[[ 9.98796802e-01,-4.90402634e-02,-1.21989037e-16, 1.55813851e-02],\n [ 2.35570833e-03, 4.79784118e-02,-9.98845595e-01,-1.40455781e-02],\n [ 4.89836511e-02, 9.97643786e-01, 4.80362088e-02, 1.12808175e-03],\n [ 0.00000000e+00, 0.00000000e+00, 0.00000000e+00, 1.00000000e+00]]",
		"width": 0.03449153244619986
	},
	{
		"pose": "[[-9.65925788e-01, 2.82273160e-04,-2.58819035e-01, 1.69063576e-02],\n [ 2.57849538e-01,-8.54307410e-02,-9.62400750e-01, 2.06452687e-02],\n [-2.23827618e-02,-9.96344071e-01, 8.24469718e-02, 5.94506442e-04],\n [ 0.00000000e+00, 0.00000000e+00, 0.00000000e+00, 1.00000000e+00]]",
		"width": 0.02940182753705213
	},
	{
		"pose": "[[-1.99164581e-16, 3.27293520e-02,-9.99464251e-01, 1.58440538e-02],\n [ 9.97531942e-01, 7.01765150e-02, 2.29806304e-03, 2.08365702e-02],\n [ 7.02141321e-02,-9.96997516e-01,-3.26485740e-02, 7.64922175e-04],\n [ 0.00000000e+00, 0.00000000e+00, 0.00000000e+00, 1.00000000e+00]]",
		"width": 0.02940067240475995
	},
	{
		"pose": "[[ 9.99999960e-01,-2.82273160e-04, 0.00000000e+00, 1.69063576e-02],\n [ 2.41148062e-05, 8.54307410e-02,-9.96344111e-01, 2.06452687e-02],\n [ 2.81241201e-04, 9.96344071e-01, 8.54307444e-02, 5.94506442e-04],\n [ 0.00000000e+00, 0.00000000e+00, 0.00000000e+00, 1.00000000e+00]]",
		"width": 0.02940182753705213
	},
	{
		"pose": "[[ 4.99999980e-01,-2.82273160e-04, 8.66025369e-01, 1.69063576e-02],\n [ 8.62871369e-01, 8.54307410e-02,-4.98151172e-01, 2.06452687e-02],\n [-7.38445744e-02, 9.96344071e-01, 4.29589342e-02, 5.94506442e-04],\n [ 0.00000000e+00, 0.00000000e+00, 0.00000000e+00, 1.00000000e+00]]",
		"width": 0.02940182753705213
	},
	{
		"pose": "[[ 4.99999980e-01,-2.82273160e-04,-8.66025369e-01, 1.69063576e-02],\n [-8.62847254e-01, 8.54307410e-02,-4.98192940e-01, 2.06452687e-02],\n [ 7.41258156e-02, 9.96344071e-01, 4.24718102e-02, 5.94506442e-04],\n [ 0.00000000e+00, 0.00000000e+00, 0.00000000e+00, 1.00000000e+00]]",
		"width": 0.02940182753705213
	},
	{
		"pose": "[[-9.99464251e-01, 3.27293520e-02, 3.21840089e-16, 1.58440538e-02],\n [ 2.29806304e-03, 7.01765150e-02,-9.97531942e-01, 2.08365702e-02],\n [-3.26485740e-02,-9.96997516e-01,-7.02141321e-02, 7.64922175e-04],\n [ 0.00000000e+00, 0.00000000e+00, 0.00000000e+00, 1.00000000e+00]]",
		"width": 0.02940067240475995
	},
	{
		"pose": "[[ 0.70647864,-0.04214111, 0.70647864, 0.03387014],\n [-0.70330902,-0.153259  , 0.6941672 ,-0.01451222],\n [ 0.07902124,-0.98728709,-0.13791243, 0.00139074],\n [ 0.        , 0.        , 0.        , 1.        ]]",
		"width": 0.032238436684791046
	},
	{
		"pose": "[[ 0.99911167,-0.04214111, 0.        , 0.03387014],\n [-0.00646425,-0.153259  , 0.98816491,-0.01451222],\n [-0.04164236,-0.98728709,-0.15339527, 0.00139074],\n [ 0.        , 0.        , 0.        , 1.        ]]",
		"width": 0.032238436684791046
	},
	{
		"pose": "[[-0.70647864, 0.04214111, 0.70647864, 0.03387014],\n [ 0.70330902, 0.153259  , 0.6941672 ,-0.01451222],\n [-0.07902124, 0.98728709,-0.13791243, 0.00139074],\n [ 0.        , 0.        , 0.        , 1.        ]]",
		"width": 0.032238436684791046
	},
	{
		"pose": "[[ 0.49955583,-0.04214111,-0.86525609, 0.03387014],\n [ 0.85254379,-0.153259  , 0.49968066,-0.01451222],\n [-0.15366538,-0.98728709,-0.04063429, 0.00139074],\n [ 0.        , 0.        , 0.        , 1.        ]]",
		"width": 0.032238436684791046
	},
	{
		"pose": "[[-0.49977538,-0.02997133,-0.86563635, 0.03557118],\n [ 0.85949298,-0.1408763 ,-0.49135088,-0.01440069],\n [-0.10722121,-0.98957344, 0.09616666, 0.00140497],\n [ 0.        , 0.        , 0.        , 1.        ]]",
		"width": 0.031972505059235753
	},
	{
		"pose": "[[-0.99955076, 0.02997133, 0.        , 0.03557118],\n [ 0.00422415, 0.1408763 , 0.99001819,-0.01440069],\n [ 0.02967216, 0.98957344,-0.14093962, 0.00140497],\n [ 0.        , 0.        , 0.        , 1.        ]]",
		"width": 0.031972505059235753
	},
	{
		"pose": "[[-0.49955583, 0.04214111,-0.86525609, 0.03387014],\n [-0.85254379, 0.153259  , 0.49968066,-0.01451222],\n [ 0.15366538, 0.98728709,-0.04063429, 0.00139074],\n [ 0.        , 0.        , 0.        , 1.        ]]",
		"width": 0.032238436684791046
	},
	{
		"pose": "[[ 0.70647864, 0.04214111,-0.70647864, 0.03387014],\n [-0.70330902, 0.153259  ,-0.6941672 ,-0.01451222],\n [ 0.07902124, 0.98728709, 0.13791243, 0.00139074],\n [ 0.        , 0.        , 0.        , 1.        ]]",
		"width": 0.032238436684791046
	},
	{
		"pose": "[[-9.99753376e-01,-2.22078152e-02, 0.00000000e+00, 3.35618091e-02],\n [ 1.86606992e-03,-8.40068997e-02,-9.96463426e-01, 2.15885476e-02],\n [ 2.21292756e-02,-9.96217674e-01, 8.40276230e-02, 8.69133587e-04],\n [ 0.00000000e+00, 0.00000000e+00, 0.00000000e+00, 1.00000000e+00]]",
		"width": 0.028361145968909846
	},
	{
		"pose": "[[-2.58755214e-01,-2.22078152e-02,-9.65687606e-01, 3.35618091e-02],\n [ 9.62992732e-01,-8.40068997e-02,-2.56101227e-01, 2.15885476e-02],\n [-7.54369732e-02,-9.96217674e-01, 4.31231880e-02, 8.69133587e-04],\n [ 0.00000000e+00, 0.00000000e+00, 0.00000000e+00, 1.00000000e+00]]",
		"width": 0.028361145968909846
	},
	{
		"pose": "[[ 2.58755214e-01,-2.22078152e-02,-9.65687606e-01, 3.35618091e-02],\n [ 9.62026783e-01,-8.40068997e-02, 2.59706197e-01, 2.15885476e-02],\n [-8.68919291e-02,-9.96217674e-01,-3.72710295e-04, 8.69133587e-04],\n [ 0.00000000e+00, 0.00000000e+00, 0.00000000e+00, 1.00000000e+00]]",
		"width": 0.028361145968909846
	},
	{
		"pose": "[[ 8.65811821e-01, 2.22078152e-02, 4.99876688e-01, 3.35618091e-02],\n [ 4.96615649e-01, 8.40068997e-02,-8.63895675e-01, 2.15885476e-02],\n [-6.11783263e-02, 9.96217674e-01, 6.17054183e-02, 8.69133587e-04],\n [ 0.00000000e+00, 0.00000000e+00, 0.00000000e+00, 1.00000000e+00]]",
		"width": 0.028361145968909846
	},
	{
		"pose": "[[-2.58755214e-01, 2.22078152e-02,-9.65687606e-01, 3.35618091e-02],\n [-9.62026783e-01, 8.40068997e-02, 2.59706197e-01, 2.15885476e-02],\n [ 8.68919291e-02, 9.96217674e-01,-3.72710295e-04, 8.69133587e-04],\n [ 0.00000000e+00, 0.00000000e+00, 0.00000000e+00, 1.00000000e+00]]",
		"width": 0.028361145968909846
	},
	{
		"pose": "[[ 4.99876688e-01, 2.22078152e-02,-8.65811821e-01, 3.35618091e-02],\n [-8.63895675e-01, 8.40068997e-02,-4.96615649e-01, 2.15885476e-02],\n [ 6.17054183e-02, 9.96217674e-01, 6.11783263e-02, 8.69133587e-04],\n [ 0.00000000e+00, 0.00000000e+00, 0.00000000e+00, 1.00000000e+00]]",
		"width": 0.028361145968909846
	},
	{
		"pose": "[[ 9.99753376e-01, 2.22078152e-02, 0.00000000e+00, 3.35618091e-02],\n [-1.86606992e-03, 8.40068997e-02,-9.96463426e-01, 2.15885476e-02],\n [-2.21292756e-02, 9.96217674e-01, 8.40276230e-02, 8.69133587e-04],\n [ 0.00000000e+00, 0.00000000e+00, 0.00000000e+00, 1.00000000e+00]]",
		"width": 0.028361145968909846
	},
	{
		"pose": "[[-7.06932392e-01,-2.22078152e-02, 7.06932392e-01, 3.35618091e-02],\n [-7.03286535e-01,-8.40068997e-02,-7.05925556e-01, 2.15885476e-02],\n [ 7.50642629e-02,-9.96217674e-01, 4.37687411e-02, 8.69133587e-04],\n [ 0.00000000e+00, 0.00000000e+00, 0.00000000e+00, 1.00000000e+00]]",
		"width": 0.028361145968909846
	}
]