[
	{
		"pose": "[[ 0.99772185,-0.06746197, 0.        ,-0.03007174],\n [-0.06736665,-0.99631223, 0.05313824, 0.00542781],\n [-0.00358481,-0.05301719,-0.99858717,-0.00839472],\n [ 0.        , 0.        , 0.        , 1.        ]]",
		"width": 0.03770039381603434
	},
	{
		"pose": "[[ 0.9637253 , 0.06746197,-0.25822942,-0.03007174],\n [-0.07882438, 0.99631223,-0.03389183, 0.00542781],\n [ 0.25499072, 0.05301719, 0.96548895,-0.00839472],\n [ 0.        , 0.        , 0.        , 1.        ]]",
		"width": 0.03770039381603434
	},
	{
		"pose": "[[ 0.49886092, 0.06746197, 0.86405247,-0.03007174],\n [ 0.01233574, 0.99631223,-0.08491036, 0.00542781],\n [-0.86659426, 0.05301719, 0.49618905,-0.00839472],\n [ 0.        , 0.        , 0.        , 1.        ]]",
		"width": 0.03770039381603434
	},
	{
		"pose": "[[-9.97721847e-01,-6.74619663e-02, 3.22349761e-16,-3.00717445e-02],\n [ 6.73666537e-02,-9.96312231e-01,-5.31382443e-02, 5.42780964e-03],\n [ 3.58481045e-03,-5.30171873e-02, 9.98587165e-01,-8.39471871e-03],\n [ 0.00000000e+00, 0.00000000e+00, 0.00000000e+00, 1.00000000e+00]]",
		"width": 0.03770039381603434
	},
	{
		"pose": "[[-0.99772185, 0.06746197, 0.        ,-0.03007174],\n [ 0.06736665, 0.99631223, 0.05313824, 0.00542781],\n [ 0.00358481, 0.05301719,-0.99858717,-0.00839472],\n [ 0.        , 0.        , 0.        , 1.        ]]",
		"width": 0.03770039381603434
	},
	{
		"pose": "[[ 9.85642622e-01,-1.68844964e-01,-1.17309375e-16,-3.33013967e-02],\n [-1.68673021e-01,-9.84638890e-01, 4.51183728e-02, 5.98919576e-03],\n [-7.61801004e-03,-4.44705912e-02,-9.98981648e-01, 5.34191026e-04],\n [ 0.00000000e+00, 0.00000000e+00, 0.00000000e+00, 1.00000000e+00]]",
		"width": 0.03919998356655208
	},
	{
		"pose": "[[ 0.69881859,-0.15266028, 0.69881859,-0.03313078],\n [-0.21627827,-0.97632717, 0.00299491, 0.00576197],\n [ 0.68181837,-0.15323217,-0.71529268, 0.0033178 ],\n [ 0.        , 0.        , 0.        , 1.        ]]",
		"width": 0.03930084987979985
	},
	{
		"pose": "[[-1.17618126e-15, 8.53069431e-02, 9.96354719e-01,-2.97868331e-02],\n [ 1.28415408e-01, 9.88105366e-01,-8.46006413e-02, 4.68157159e-03],\n [-9.91720466e-01, 1.27947298e-01,-1.09547259e-02, 1.14922183e-02],\n [ 0.00000000e+00, 0.00000000e+00, 0.00000000e+00, 1.00000000e+00]]",
		"width": 0.036596745129776495
	},
	{
		"pose": "[[-0.96240475, 0.08530694, 0.25787558,-0.02978683],\n [ 0.1149543 , 0.98810537, 0.1021435 , 0.00468157],\n [-0.24609469, 0.1279473 ,-0.9607637 , 0.01149222],\n [ 0.        , 0.        , 0.        , 1.        ]]",
		"width": 0.036596745129776495
	},
	{
		"pose": "[[ 9.97497312e-01,-7.07043958e-02,-5.64864212e-16,-3.19264873e-02],\n [-7.01837550e-02,-9.90152114e-01, 1.21132286e-01, 4.89414351e-03],\n [-8.56458512e-03,-1.20829130e-01,-9.92636373e-01, 1.16344515e-02],\n [ 0.00000000e+00, 0.00000000e+00, 0.00000000e+00, 1.00000000e+00]]",
		"width": 0.03692420524711714
	},
	{
		"pose": "[[-0.99635472,-0.08530694, 0.        ,-0.02978683],\n [ 0.08460064,-0.98810537,-0.12841541, 0.00468157],\n [ 0.01095473,-0.1279473 , 0.99172047, 0.01149222],\n [ 0.        , 0.        , 0.        , 1.        ]]",
		"width": 0.036596745129776495
	},
	{
		"pose": "[[ 0.8628685 , 0.08530694, 0.49817736,-0.02978683],\n [-0.0090586 , 0.98810537,-0.15351133, 0.00468157],\n [-0.5053473 , 0.1279473 , 0.85337775, 0.01149222],\n [ 0.        , 0.        , 0.        , 1.        ]]",
		"width": 0.036596745129776495
	},
	{
		"pose": "[[ 0.99635472, 0.08530694, 0.        ,-0.02978683],\n [-0.08460064, 0.98810537,-0.12841541, 0.00468157],\n [-0.01095473, 0.1279473 , 0.99172047, 0.01149222],\n [ 0.        , 0.        , 0.        , 1.        ]]",
		"width": 0.036596745129776495
	},
	{
		"pose": "[[ 0.70533711,-0.0707044 , 0.70533711,-0.03192649],\n [-0.13528087,-0.99015211, 0.03602605, 0.00489414],\n [ 0.69584383,-0.12082913,-0.70795599, 0.01163445],\n [ 0.        , 0.        , 0.        , 1.        ]]",
		"width": 0.03692420524711714
	},
	{
		"pose": "[[-0.8549901 ,-0.1591307 ,-0.49362876,-0.02620546],\n [ 0.08725646,-0.98233506, 0.16554194, 0.0027686 ],\n [-0.51125165, 0.09846442, 0.85377193,-0.01797124],\n [ 0.        , 0.        , 0.        , 1.        ]]",
		"width": 0.03255767001515035
	},
	{
		"pose": "[[-0.96530339,-0.03589391,-0.25865226,-0.0193254 ],\n [-0.26049427, 0.20148816, 0.94421674, 0.00365651],\n [ 0.01822373, 0.97883305,-0.20384736, 0.00150951],\n [ 0.        , 0.        , 0.        , 1.        ]]",
		"width": 0.0651025216668088
	},
	{
		"pose": "[[ 0.99935561, 0.03589391, 0.        ,-0.0193254 ],\n [ 0.00723686,-0.20148816, 0.97946422, 0.00365651],\n [ 0.03515681,-0.97883305,-0.20161808, 0.00150951],\n [ 0.        , 0.        , 0.        , 1.        ]]",
		"width": 0.0651025216668088
	},
	{
		"pose": "[[ 0.4996778 ,-0.03589391, 0.86546734,-0.0193254 ],\n [ 0.85185932, 0.20148816,-0.4834648 , 0.00365651],\n [-0.15702798, 0.97883305, 0.13125573, 0.00150951],\n [ 0.        , 0.        , 0.        , 1.        ]]",
		"width": 0.0651025216668088
	},
	{
		"pose": "[[-0.99935561,-0.03589391, 0.        ,-0.0193254 ],\n [-0.00723686, 0.20148816, 0.97946422, 0.00365651],\n [-0.03515681, 0.97883305,-0.20161808, 0.00150951],\n [ 0.        , 0.        , 0.        , 1.        ]]",
		"width": 0.0651025216668088
	},
	{
		"pose": "[[-2.77614684e-16, 3.58939148e-02, 9.99355606e-01,-1.93253954e-02],\n [-9.79464216e-01,-2.01488158e-01, 7.23686215e-03, 3.65651176e-03],\n [ 2.01618079e-01,-9.78833055e-01, 3.51568051e-02, 1.50950936e-03],\n [ 0.00000000e+00, 0.00000000e+00, 0.00000000e+00, 1.00000000e+00]]",
		"width": 0.0651025216668088
	},
	{
		"pose": "[[-0.49958942, 0.04051705,-0.86531426,-0.0235174 ],\n [-0.14436348, 0.98104271, 0.12928416, 0.00239225],\n [ 0.85414846, 0.18950878,-0.48426938, 0.0200921 ],\n [ 0.        , 0.        , 0.        , 1.        ]]",
		"width": 0.03180731904026843
	},
	{
		"pose": "[[ 0.70652614,-0.04051705,-0.70652614,-0.0235174 ],\n [ 0.10598321,-0.98104271, 0.16224293, 0.00239225],\n [-0.69970592,-0.18950878,-0.68883819, 0.0200921 ],\n [ 0.        , 0.        , 0.        , 1.        ]]",
		"width": 0.03180731904026843
	},
	{
		"pose": "[[ 6.97575016e-01, 1.63640446e-01,-6.97575016e-01,-1.12777166e-02],\n [ 7.16289088e-01,-1.34996245e-01, 6.84621031e-01, 3.04667390e-03],\n [ 1.78616826e-02,-9.77239898e-01,-2.11383874e-01, 8.19565097e-04],\n [ 0.00000000e+00, 0.00000000e+00, 0.00000000e+00, 1.00000000e+00]]",
		"width": 0.06852406723761366
	},
	{
		"pose": "[[ 9.52905192e-01, 1.63640446e-01,-2.55330177e-01,-1.12777166e-02],\n [ 2.78014032e-01,-1.34996245e-01, 9.51043749e-01, 3.04667390e-03],\n [ 1.21160608e-01,-9.77239898e-01,-1.74132963e-01, 8.19565097e-04],\n [ 0.00000000e+00, 0.00000000e+00, 0.00000000e+00, 1.00000000e+00]]",
		"width": 0.06852406723761366
	},
	{
		"pose": "[[ 6.97575016e-01,-1.63640446e-01, 6.97575016e-01,-1.12777166e-02],\n [ 7.16289088e-01, 1.34996245e-01,-6.84621031e-01, 3.04667390e-03],\n [ 1.78616826e-02, 9.77239898e-01, 2.11383874e-01, 8.19565097e-04],\n [ 0.00000000e+00, 0.00000000e+00, 0.00000000e+00, 1.00000000e+00]]",
		"width": 0.06852406723761366
	},
	{
		"pose": "[[-4.93260024e-01,-1.63640446e-01, 8.54351423e-01,-1.12777166e-02],\n [ 8.46682393e-01, 1.34996245e-01, 5.14689168e-01, 3.04667390e-03],\n [-1.99558199e-01, 9.77239898e-01, 7.19632329e-02, 8.19565097e-04],\n [ 0.00000000e+00, 0.00000000e+00, 0.00000000e+00, 1.00000000e+00]]",
		"width": 0.06852406723761366
	},
	{
		"pose": "[[-9.86520048e-01,-1.63640446e-01,-1.25627541e-16,-1.12777166e-02],\n [-2.23926982e-02, 1.34996245e-01, 9.90593045e-01, 3.04667390e-03],\n [-1.62101087e-01, 9.77239898e-01,-1.36840854e-01, 8.19565097e-04],\n [ 0.00000000e+00, 0.00000000e+00, 0.00000000e+00, 1.00000000e+00]]",
		"width": 0.06852406723761366
	},
	{
		"pose": "[[-0.98887878, 0.14872377, 0.        ,-0.0105459 ],\n [-0.00501157,-0.03332241, 0.99943209, 0.0033725 ],\n [ 0.14863931, 0.98831718, 0.03369716, 0.00209918],\n [ 0.        , 0.        , 0.        , 1.        ]]",
		"width": 0.06866543595004386
	},
	{
		"pose": "[[-6.97575016e-01,-1.63640446e-01,-6.97575016e-01,-1.12777166e-02],\n [-7.16289088e-01, 1.34996245e-01, 6.84621031e-01, 3.04667390e-03],\n [-1.78616826e-02, 9.77239898e-01,-2.11383874e-01, 8.19565097e-04],\n [ 0.00000000e+00, 0.00000000e+00, 0.00000000e+00, 1.00000000e+00]]",
		"width": 0.06852406723761366
	},
	{
		"pose": "[[ 4.93260024e-01, 1.63640446e-01, 8.54351423e-01,-1.12777166e-02],\n [-8.46682393e-01,-1.34996245e-01, 5.14689168e-01, 3.04667390e-03],\n [ 1.99558199e-01,-9.77239898e-01, 7.19632329e-02, 8.19565097e-04],\n [ 0.00000000e+00, 0.00000000e+00, 0.00000000e+00, 1.00000000e+00]]",
		"width": 0.06852406723761366
	},
	{
		"pose": "[[ 9.52905192e-01, 1.63640446e-01, 2.55330177e-01,-1.12777166e-02],\n [-2.34754660e-01,-1.34996245e-01, 9.62635062e-01, 3.04667390e-03],\n [ 1.91994646e-01,-9.77239898e-01,-9.02232659e-02, 8.19565097e-04],\n [ 0.00000000e+00, 0.00000000e+00, 0.00000000e+00, 1.00000000e+00]]",
		"width": 0.06852406723761366
	},
	{
		"pose": "[[ 9.64631063e-01, 5.17598083e-02,-2.58472114e-01,-2.89561337e-03],\n [ 2.63492559e-01,-2.17800563e-01, 9.39752407e-01, 4.68361040e-05],\n [-7.65396746e-03,-9.74619842e-01,-2.23735513e-01, 2.32027111e-03],\n [ 0.00000000e+00, 0.00000000e+00, 0.00000000e+00, 1.00000000e+00]]",
		"width": 0.06835903412192483
	},
	{
		"pose": "[[-8.65890867e-01, 1.76259521e-02, 4.99922325e-01,-1.81490095e-03],\n [ 4.93455649e-01, 1.94046770e-01, 8.47848674e-01, 2.88384268e-04],\n [-8.20641722e-02, 9.80833919e-01,-1.76720951e-01, 2.43009431e-03],\n [ 0.00000000e+00, 0.00000000e+00, 0.00000000e+00, 1.00000000e+00]]",
		"width": 0.06872420283466919
	},
	{
		"pose": "[[-0.86554251,-0.03338994, 0.4997212 ,-0.00347576],\n [ 0.49758983, 0.05607807, 0.86559784, 0.00190244],\n [-0.05692566, 0.99786791,-0.03192346, 0.00152284],\n [ 0.        , 0.        , 0.        , 1.        ]]",
		"width": 0.06910801987377543
	},
	{
		"pose": "[[ 0.86554251, 0.03338994, 0.4997212 ,-0.00347576],\n [-0.49758983,-0.05607807, 0.86559784, 0.00190244],\n [ 0.05692566,-0.99786791,-0.03192346, 0.00152284],\n [ 0.        , 0.        , 0.        , 1.        ]]",
		"width": 0.06910801987377543
	},
	{
		"pose": "[[-9.88832024e-01,-1.49034322e-01, 0.00000000e+00, 6.03906419e-03],\n [-3.30454284e-04, 2.19254044e-03, 9.99997542e-01, 1.61640301e-03],\n [-1.49033956e-01, 9.88829593e-01,-2.21730323e-03, 2.16194752e-03],\n [ 0.00000000e+00, 0.00000000e+00, 0.00000000e+00, 1.00000000e+00]]",
		"width": 0.0694098773552252
	},
	{
		"pose": "[[-0.82875123,-0.29022151,-0.47847975, 0.00738922],\n [-0.49836016,-0.00620361, 0.8669479 , 0.00219352],\n [-0.25457523, 0.95693939,-0.13949359, 0.0028121 ],\n [ 0.        , 0.        , 0.        , 1.        ]]",
		"width": 0.06987973838659836
	},
	{
		"pose": "[[-0.69920983,-0.14903432,-0.69920983, 0.00603906],\n [-0.70733871, 0.00219254, 0.70687138, 0.0016164 ],\n [-0.10381505, 0.98882959,-0.10695079, 0.00216195],\n [ 0.        , 0.        , 0.        , 1.        ]]",
		"width": 0.0694098773552252
	},
	{
		"pose": "[[-2.50593071e-01,-2.50110591e-01,-9.35226072e-01, 6.59413373e-03],\n [-9.58218893e-01,-7.35394549e-02, 2.76420877e-01, 7.39067946e-04],\n [-1.37911805e-01, 9.65420448e-01,-2.21232216e-01, 2.29133458e-03],\n [ 0.00000000e+00, 0.00000000e+00, 0.00000000e+00, 1.00000000e+00]]",
		"width": 0.06949148909263407
	},
	{
		"pose": "[[-2.50593071e-01, 2.50110591e-01,-9.35226072e-01, 6.59413373e-03],\n [ 9.68052343e-01, 7.35394549e-02,-2.39721945e-01, 7.39067946e-04],\n [ 8.81901824e-03,-9.65420448e-01,-2.60548621e-01, 2.29133458e-03],\n [ 0.00000000e+00, 0.00000000e+00, 0.00000000e+00, 1.00000000e+00]]",
		"width": 0.06949148909263407
	},
	{
		"pose": "[[ 9.68217275e-01, 2.50110591e-01, 0.00000000e+00, 6.59413373e-03],\n [-1.89967655e-02, 7.35394549e-02, 9.97111364e-01, 7.39067946e-04],\n [ 2.49388113e-01,-9.65420448e-01, 7.59534629e-02, 2.29133458e-03],\n [ 0.00000000e+00, 0.00000000e+00, 0.00000000e+00, 1.00000000e+00]]",
		"width": 0.06949148909263407
	},
	{
		"pose": "[[ 0.24767934, 0.29022151,-0.92435189, 0.00738922],\n [ 0.96541859, 0.00620361, 0.2606309 , 0.00219352],\n [ 0.08137501,-0.95693939,-0.27864874, 0.0028121 ],\n [ 0.        , 0.        , 0.        , 1.        ]]",
		"width": 0.06987973838659836
	},
	{
		"pose": "[[ 0.95513839, 0.14903432,-0.25592856, 0.00603906],\n [ 0.2591376 ,-0.00219254, 0.96583792, 0.0016164 ],\n [ 0.14338187,-0.98882959,-0.04071458, 0.00216195],\n [ 0.        , 0.        , 0.        , 1.        ]]",
		"width": 0.0694098773552252
	},
	{
		"pose": "[[ 0.70708543,-0.00777178,-0.70708543, 0.00857345],\n [ 0.0094119 ,-0.99974759, 0.02040041, 0.02292228],\n [-0.7070655 ,-0.02107985,-0.7068338 , 0.00650896],\n [ 0.        , 0.        , 0.        , 1.        ]]",
		"width": 0.07143217790506602
	},
	{
		"pose": "[[ 9.99969799e-01,-7.77177691e-03,-1.22470016e-16, 8.57345429e-03],\n [-7.77004988e-03,-9.99747588e-01, 2.10804818e-02, 2.29222837e-02],\n [-1.63832802e-04,-2.10798452e-02,-9.99777782e-01, 6.50895956e-03],\n [ 0.00000000e+00, 0.00000000e+00, 0.00000000e+00, 1.00000000e+00]]",
		"width": 0.07143217790506602
	},
	{
		"pose": "[[-0.99814194, 0.06093174, 0.        , 0.00998107],\n [-0.06089518,-0.99754306, 0.03463567, 0.02301563],\n [ 0.00211041, 0.03457131, 0.99940001, 0.00616836],\n [ 0.        , 0.        , 0.        , 1.        ]]",
		"width": 0.07158107020091227
	},
	{
		"pose": "[[-0.96413107,-0.06093174, 0.25833814, 0.00998107],\n [-0.0677846 , 0.99754306,-0.01769465, 0.02301563],\n [-0.25662525,-0.03457131,-0.96589249, 0.00616836],\n [ 0.        , 0.        , 0.        , 1.        ]]",
		"width": 0.07158107020091227
	},
	{
		"pose": "[[-0.49907097, 0.06093174,-0.86441627, 0.00998107],\n [-0.06044296,-0.99754306,-0.03541894, 0.02301563],\n [-0.86445059, 0.03457131, 0.50152767, 0.00616836],\n [ 0.        , 0.        , 0.        , 1.        ]]",
		"width": 0.07158107020091227
	},
	{
		"pose": "[[ 0.96413107, 0.06093174, 0.25833814, 0.00998107],\n [ 0.0677846 ,-0.99754306,-0.01769465, 0.02301563],\n [ 0.25662525, 0.03457131,-0.96589249, 0.00616836],\n [ 0.        , 0.        , 0.        , 1.        ]]",
		"width": 0.07158107020091227
	},
	{
		"pose": "[[ 0.70579293, 0.06093174,-0.70579293, 0.00998107],\n [ 0.01856828,-0.99754306,-0.06755051, 0.02301563],\n [-0.70817481, 0.03457131,-0.70519023, 0.00616836],\n [ 0.        , 0.        , 0.        , 1.        ]]",
		"width": 0.07158107020091227
	},
	{
		"pose": "[[-0.86441627,-0.06093174,-0.49907097, 0.00998107],\n [-0.03541894, 0.99754306,-0.06044296, 0.02301563],\n [ 0.50152767,-0.03457131,-0.86445059, 0.00616836],\n [ 0.        , 0.        , 0.        , 1.        ]]",
		"width": 0.07158107020091227
	},
	{
		"pose": "[[ 2.49022230e-16,-6.09317407e-02,-9.98141935e-01, 9.98107486e-03],\n [ 3.46356677e-02, 9.97543055e-01,-6.08951819e-02, 2.30156301e-02],\n [ 9.99400005e-01,-3.45713123e-02, 2.11041152e-03, 6.16836077e-03],\n [ 0.00000000e+00, 0.00000000e+00, 0.00000000e+00, 1.00000000e+00]]",
		"width": 0.07158107020091227
	},
	{
		"pose": "[[-0.25881123,-0.00777178,-0.96589665, 0.00857345],\n [ 0.02237322,-0.99974759, 0.00204926, 0.02292228],\n [-0.96566878,-0.02107985, 0.25891978, 0.00650896],\n [ 0.        , 0.        , 0.        , 1.        ]]",
		"width": 0.07143217790506602
	},
	{
		"pose": "[[-9.99829560e-01,-1.84621546e-02, 0.00000000e+00, 1.05934425e-02],\n [ 1.84621315e-02,-9.99828309e-01, 1.58167279e-03, 2.32369278e-02],\n [-2.92010875e-05, 1.58140321e-03, 9.99998749e-01, 3.73871928e-04],\n [ 0.00000000e+00, 0.00000000e+00, 0.00000000e+00, 1.00000000e+00]]",
		"width": 0.07188149117099116
	},
	{
		"pose": "[[ 0.99814194,-0.06093174, 0.        , 0.00998107],\n [ 0.06089518, 0.99754306, 0.03463567, 0.02301563],\n [-0.00211041,-0.03457131, 0.99940001, 0.00616836],\n [ 0.        , 0.        , 0.        , 1.        ]]",
		"width": 0.07158107020091227
	},
	{
		"pose": "[[-0.49920812, 0.05625843,-0.86465383, 0.00938611],\n [ 0.01467523,-0.99719791,-0.07335512, 0.02262844],\n [-0.86635783,-0.04930846, 0.49698369, 0.00754861],\n [ 0.        , 0.        , 0.        , 1.        ]]",
		"width": 0.07084991334909409
	},
	{
		"pose": "[[-0.99841624, 0.05625843, 0.        , 0.00938611],\n [-0.05618978,-0.99719791,-0.04938668, 0.02262844],\n [-0.00277842,-0.04930846, 0.99877973, 0.00754861],\n [ 0.        , 0.        , 0.        , 1.        ]]",
		"width": 0.07084991334909409
	},
	{
		"pose": "[[-0.25840914,-0.05625843,-0.96439603, 0.00938611],\n [-0.06224685, 0.99719791,-0.04149295, 0.02262844],\n [ 0.96402803, 0.04930846,-0.26118696, 0.00754861],\n [ 0.        , 0.        , 0.        , 1.        ]]",
		"width": 0.07084991334909409
	},
	{
		"pose": "[[ 0.99841624,-0.05625843, 0.        , 0.00938611],\n [ 0.05618978, 0.99719791,-0.04938668, 0.02262844],\n [ 0.00277842, 0.04930846, 0.99877973, 0.00754861],\n [ 0.        , 0.        , 0.        , 1.        ]]",
		"width": 0.07084991334909409
	},
	{
		"pose": "[[ 0.70598689,-0.05625843,-0.70598689, 0.00938611],\n [ 0.00481052, 0.99719791,-0.07465383, 0.02262844],\n [ 0.70820856, 0.04930846, 0.70427929, 0.00754861],\n [ 0.        , 0.        , 0.        , 1.        ]]",
		"width": 0.07084991334909409
	},
	{
		"pose": "[[ 0.86465383, 0.05625843, 0.49920812, 0.00938611],\n [ 0.02396844,-0.99719791, 0.07086501, 0.02262844],\n [ 0.50179605,-0.04930846,-0.86357941, 0.00754861],\n [ 0.        , 0.        , 0.        , 1.        ]]",
		"width": 0.07084991334909409
	},
	{
		"pose": "[[ 0.25840914, 0.05625843,-0.96439603, 0.00938611],\n [ 0.06224685,-0.99719791,-0.04149295, 0.02262844],\n [-0.96402803,-0.04930846,-0.26118696, 0.00754861],\n [ 0.        , 0.        , 0.        , 1.        ]]",
		"width": 0.07084991334909409
	},
	{
		"pose": "[[ 0.86465383, 0.05625843,-0.49920812, 0.00938611],\n [ 0.07335512,-0.99719791, 0.01467523, 0.02262844],\n [-0.49698369,-0.04930846,-0.86635783, 0.00754861],\n [ 0.        , 0.        , 0.        , 1.        ]]",
		"width": 0.07084991334909409
	},
	{
		"pose": "[[-9.98416240e-01,-5.62584306e-02,-1.21586211e-16, 9.38611319e-03],\n [-5.61897803e-02, 9.97197906e-01, 4.93866775e-02, 2.26284366e-02],\n [-2.77841697e-03, 4.93084609e-02,-9.98779734e-01, 7.54861264e-03],\n [ 0.00000000e+00, 0.00000000e+00, 0.00000000e+00, 1.00000000e+00]]",
		"width": 0.07084991334909409
	},
	{
		"pose": "[[ 9.99277893e-01,-3.79959418e-02, 0.00000000e+00, 1.59601272e-02],\n [ 3.77114544e-02, 9.91795990e-01, 1.22141561e-01, 2.26435691e-02],\n [-4.64088363e-03,-1.22053361e-01, 9.92512690e-01,-2.85630305e-05],\n [ 0.00000000e+00, 0.00000000e+00, 0.00000000e+00, 1.00000000e+00]]",
		"width": 0.07175453637277092
	},
	{
		"pose": "[[ 2.58632150e-01,-3.79959418e-02,-9.65228325e-01, 1.59601272e-02],\n [ 1.27740131e-01, 9.91795990e-01,-4.81390567e-03, 2.26435691e-02],\n [ 9.57492491e-01,-1.22053361e-01, 2.61363936e-01,-2.85630305e-05],\n [ 0.00000000e+00, 0.00000000e+00, 0.00000000e+00, 1.00000000e+00]]",
		"width": 0.07175453637277092
	},
	{
		"pose": "[[ 9.65228325e-01,-3.79959418e-02,-2.58632150e-01, 1.59601272e-02],\n [ 6.80390299e-02, 9.91795990e-01, 1.08219245e-01, 2.26435691e-02],\n [ 2.52398437e-01,-1.22053361e-01, 9.59894789e-01,-2.85630305e-05],\n [ 0.00000000e+00, 0.00000000e+00, 0.00000000e+00, 1.00000000e+00]]",
		"width": 0.07175453637277092
	},
	{
		"pose": "[[ 0.96343805,-0.07172478, 0.25815245, 0.01558101],\n [-0.07482492,-0.99719428, 0.0021911 , 0.02296145],\n [ 0.25727099,-0.02142722,-0.96610171, 0.00438859],\n [ 0.        , 0.        , 0.        , 1.        ]]",
		"width": 0.07161023068772739
	},
	{
		"pose": "[[-9.99770390e-01, 2.14281704e-02, 0.00000000e+00, 1.53694214e-02],\n [-2.14276402e-02,-9.99745656e-01, 7.03420809e-03, 2.29474245e-02],\n [ 1.50730209e-04, 7.03259297e-03, 9.99975260e-01,-1.70132339e-03],\n [ 0.00000000e+00, 0.00000000e+00, 0.00000000e+00, 1.00000000e+00]]",
		"width": 0.07182460346717909
	},
	{
		"pose": "[[-4.99638947e-01,-3.79959418e-02,-8.65400041e-01, 1.59601272e-02],\n [ 8.69219672e-02, 9.91795990e-01,-9.37298579e-02, 2.26435691e-02],\n [ 8.61861645e-01,-1.22053361e-01,-4.92237222e-01,-2.85630305e-05],\n [ 0.00000000e+00, 0.00000000e+00, 0.00000000e+00, 1.00000000e+00]]",
		"width": 0.07175453637277092
	},
	{
		"pose": "[[ 0.7052856 ,-0.07172478,-0.7052856 , 0.01558101],\n [-0.03551492,-0.99719428, 0.06589583, 0.02296145],\n [-0.70803313,-0.02142722,-0.70585407, 0.00438859],\n [ 0.        , 0.        , 0.        , 1.        ]]",
		"width": 0.07161023068772739
	},
	{
		"pose": "[[-0.49871223,-0.07172478,-0.86379492, 0.01558101],\n [ 0.05445855,-0.99719428, 0.05135987, 0.02296145],\n [-0.86505513,-0.02142722, 0.50121901, 0.00438859],\n [ 0.        , 0.        , 0.        , 1.        ]]",
		"width": 0.07161023068772739
	},
	{
		"pose": "[[-9.65228325e-01,-3.79959418e-02, 2.58632150e-01, 1.59601272e-02],\n [-6.80390299e-02, 9.91795990e-01,-1.08219245e-01, 2.26435691e-02],\n [-2.52398437e-01,-1.22053361e-01,-9.59894789e-01,-2.85630305e-05],\n [ 0.00000000e+00, 0.00000000e+00, 0.00000000e+00, 1.00000000e+00]]",
		"width": 0.07175453637277092
	},
	{
		"pose": "[[ 4.98943869e-01,-6.49620210e-02,-8.64196130e-01, 1.50923974e-02],\n [-1.09525124e-01,-9.93917744e-01, 1.14788949e-02, 2.26668606e-02],\n [-8.59685561e-01, 8.89238637e-02,-5.03024138e-01,-5.45514050e-04],\n [ 0.00000000e+00, 0.00000000e+00, 0.00000000e+00, 1.00000000e+00]]",
		"width": 0.07126974660078676
	},
	{
		"pose": "[[-2.58272351e-01,-6.49620210e-02,-9.63885537e-01, 1.50923974e-02],\n [-6.93291531e-02,-9.93917744e-01, 8.55627620e-02, 2.26668606e-02],\n [-9.63581269e-01, 8.89238637e-02, 2.52197711e-01,-5.45514050e-04],\n [ 0.00000000e+00, 0.00000000e+00, 0.00000000e+00, 1.00000000e+00]]",
		"width": 0.07126974660078676
	},
	{
		"pose": "[[ 0.94660672, 0.32239064, 0.        , 0.01467348],\n [-0.02850399, 0.08369372,-0.99608377, 0.03508944],\n [-0.32112808, 0.94289959, 0.08841445, 0.00266182],\n [ 0.        , 0.        , 0.        , 1.        ]]",
		"width": 0.04541998498331885
	},
	{
		"pose": "[[ 9.33570654e-01,-3.58393407e-01,-5.23835226e-16, 1.51934567e-02],\n [-2.62093180e-02,-6.82720431e-02,-9.97322415e-01, 3.54342960e-02],\n [ 3.57433779e-01, 9.31070939e-01,-7.31300227e-02, 2.76513978e-03],\n [ 0.00000000e+00, 0.00000000e+00, 0.00000000e+00, 1.00000000e+00]]",
		"width": 0.045591570722933135
	},
	{
		"pose": "[[-1.73472348e-16,-2.35659362e-01,-9.71835719e-01, 1.53812873e-02],\n [-9.94783800e-01,-9.91329201e-02, 2.40386315e-02, 3.57794219e-02],\n [-1.02005841e-01, 9.66766430e-01,-2.34430116e-01, 2.74200279e-03],\n [ 0.00000000e+00, 0.00000000e+00, 0.00000000e+00, 1.00000000e+00]]",
		"width": 0.04540577225108952
	},
	{
		"pose": "[[-0.23106793, 0.45049706,-0.86235724, 0.0154802 ],\n [-0.96825038,-0.01957746, 0.24921461, 0.03530645],\n [ 0.09538768, 0.89256323, 0.44071768, 0.00207739],\n [ 0.        , 0.        , 0.        , 1.        ]]",
		"width": 0.04575898389243529
	},
	{
		"pose": "[[-0.257541  ,-0.09925537,-0.96115608, 0.01499018],\n [ 0.96613716,-0.01012182,-0.25783043, 0.03601531],\n [ 0.01586241,-0.99501051, 0.09850108, 0.00254374],\n [ 0.        , 0.        , 0.        , 1.        ]]",
		"width": 0.04539497863576988
	},
	{
		"pose": "[[-0.94660672,-0.32239064, 0.        , 0.01467348],\n [ 0.02850399,-0.08369372,-0.99608377, 0.03508944],\n [ 0.32112808,-0.94289959, 0.08841445, 0.00266182],\n [ 0.        , 0.        , 0.        , 1.        ]]",
		"width": 0.04541998498331885
	},
	{
		"pose": "[[-0.93872122, 0.23565936, 0.25152959, 0.01538129],\n [-0.23424946, 0.09913292,-0.96710902, 0.03577942],\n [-0.25284316,-0.96676643,-0.0378551 , 0.002742  ],\n [ 0.        , 0.        , 0.        , 1.        ]]",
		"width": 0.04540577225108952
	},
	{
		"pose": "[[-0.23603381,-0.96214208,-0.13627418, 0.01734059],\n [ 0.54107499,-0.01364037,-0.84086372, 0.04038516],\n [ 0.80717154,-0.27220682, 0.5238106 , 0.00271762],\n [ 0.        , 0.        , 0.        , 1.        ]]",
		"width": 0.05304983233210694
	},
	{
		"pose": "[[ 0.94697954, 0.32129387, 0.        , 0.01506014],\n [ 0.11108323,-0.32740602,-0.9383314 , 0.03949917],\n [-0.30148013, 0.88858064,-0.34573717, 0.00323107],\n [ 0.        , 0.        , 0.        , 1.        ]]",
		"width": 0.0455309856782888
	},
	{
		"pose": "[[ 0.23603381, 0.96214208,-0.13627418, 0.01734059],\n [-0.54107499, 0.01364037,-0.84086372, 0.04038516],\n [-0.80717154, 0.27220682, 0.5238106 , 0.00271762],\n [ 0.        , 0.        , 0.        , 1.        ]]",
		"width": 0.05304983233210694
	},
	{
		"pose": "[[-0.10161252,-0.91970905,-0.3792231 , 0.01971969],\n [-0.93890151,-0.03734706, 0.34215369, 0.04166697],\n [-0.32884471, 0.39082025,-0.85972129, 0.00794574],\n [ 0.        , 0.        , 0.        , 1.        ]]",
		"width": 0.05162967403551603
	},
	{
		"pose": "[[ 0.19630032,-0.91970905,-0.34000213, 0.01971969],\n [-0.90584282,-0.03734706,-0.42196443, 0.04166697],\n [ 0.37538643, 0.39082025,-0.84044308, 0.00794574],\n [ 0.        , 0.        , 0.        , 1.        ]]",
		"width": 0.05162967403551603
	},
	{
		"pose": "[[ 0.10161252, 0.91970905,-0.3792231 , 0.01971969],\n [ 0.93890151, 0.03734706, 0.34215369, 0.04166697],\n [ 0.32884471,-0.39082025,-0.85972129, 0.00794574],\n [ 0.        , 0.        , 0.        , 1.        ]]",
		"width": 0.05162967403551603
	},
	{
		"pose": "[[ 0.34000213,-0.91970905, 0.19630032, 0.01971969],\n [ 0.42196443,-0.03734706,-0.90584282, 0.04166697],\n [ 0.84044308, 0.39082025, 0.37538643, 0.00794574],\n [ 0.        , 0.        , 0.        , 1.        ]]",
		"width": 0.05162967403551603
	},
	{
		"pose": "[[-0.19630032, 0.91970905,-0.34000213, 0.01971969],\n [ 0.90584282, 0.03734706,-0.42196443, 0.04166697],\n [-0.37538643,-0.39082025,-0.84044308, 0.00794574],\n [ 0.        , 0.        , 0.        , 1.        ]]",
		"width": 0.05162967403551603
	},
	{
		"pose": "[[-0.34000213, 0.91970905, 0.19630032, 0.01971969],\n [-0.42196443, 0.03734706,-0.90584282, 0.04166697],\n [-0.84044308,-0.39082025, 0.37538643, 0.00794574],\n [ 0.        , 0.        , 0.        , 1.        ]]",
		"width": 0.05162967403551603
	}
]