[
	{
		"pose": "[[ 2.58776149e-01,-1.82056419e-02,-9.65765737e-01, 9.04315649e-04],\n [ 9.54673073e-01, 1.57065996e-01, 2.52843029e-01,-6.10533104e-02],\n [ 1.47085788e-01,-9.87420289e-01, 5.80253698e-02,-4.09780696e-04],\n [ 0.00000000e+00, 0.00000000e+00, 0.00000000e+00, 1.00000000e+00]]",
		"width": 0.005400325762807832
	},
	{
		"pose": "[[-7.06989588e-01, 1.82056419e-02, 7.06989588e-01, 9.04315649e-04],\n [ 6.96305023e-01,-1.57065996e-01, 7.00349619e-01,-6.10533104e-02],\n [ 1.23794338e-01, 9.87420289e-01, 9.83673440e-02,-4.09780696e-04],\n [ 0.00000000e+00, 0.00000000e+00, 0.00000000e+00, 1.00000000e+00]]",
		"width": 0.005400325762807832
	},
	{
		"pose": "[[ 7.06989588e-01, 1.82056419e-02, 7.06989588e-01, 9.04315649e-04],\n [ 7.00349619e-01,-1.57065996e-01,-6.96305023e-01,-6.10533104e-02],\n [ 9.83673440e-02, 9.87420289e-01,-1.23794338e-01,-4.09780696e-04],\n [ 0.00000000e+00, 0.00000000e+00, 0.00000000e+00, 1.00000000e+00]]",
		"width": 0.005400325762807832
	},
	{
		"pose": "[[-4.99917132e-01, 1.82056419e-02,-8.65881872e-01, 9.04315649e-04],\n [-8.56702785e-01,-1.57065996e-01, 4.91315185e-01,-6.10533104e-02],\n [-1.27055891e-01, 9.87420289e-01, 9.41168065e-02,-4.09780696e-04],\n [ 0.00000000e+00, 0.00000000e+00, 0.00000000e+00, 1.00000000e+00]]",
		"width": 0.005400325762807832
	},
	{
		"pose": "[[-9.99834264e-01, 1.82056419e-02, 0.00000000e+00, 9.04315649e-04],\n [-2.85996128e-03,-1.57065996e-01, 9.87583968e-01,-6.10533104e-02],\n [ 1.79796001e-02, 9.87420289e-01, 1.57092032e-01,-4.09780696e-04],\n [ 0.00000000e+00, 0.00000000e+00, 0.00000000e+00, 1.00000000e+00]]",
		"width": 0.005400325762807832
	},
	{
		"pose": "[[ 9.99834264e-01,-1.82056419e-02, 0.00000000e+00, 9.04315649e-04],\n [ 2.85996128e-03, 1.57065996e-01, 9.87583968e-01,-6.10533104e-02],\n [-1.79796001e-02,-9.87420289e-01, 1.57092032e-01,-4.09780696e-04],\n [ 0.00000000e+00, 0.00000000e+00, 0.00000000e+00, 1.00000000e+00]]",
		"width": 0.005400325762807832
	},
	{
		"pose": "[[ 9.65765737e-01,-1.82056419e-02,-2.58776149e-01, 9.04315649e-04],\n [ 2.58368050e-01, 1.57065996e-01, 9.53192648e-01,-6.10533104e-02],\n [ 2.32914497e-02,-9.87420289e-01, 1.56392714e-01,-4.09780696e-04],\n [ 0.00000000e+00, 0.00000000e+00, 0.00000000e+00, 1.00000000e+00]]",
		"width": 0.005400325762807832
	},
	{
		"pose": "[[-1.53523028e-16, 1.82056419e-02,-9.99834264e-01, 9.04315649e-04],\n [-9.87583968e-01,-1.57065996e-01,-2.85996128e-03,-6.10533104e-02],\n [-1.57092032e-01, 9.87420289e-01, 1.79796001e-02,-4.09780696e-04],\n [ 0.00000000e+00, 0.00000000e+00, 0.00000000e+00, 1.00000000e+00]]",
		"width": 0.005400325762807832
	},
	{
		"pose": "[[-4.99917132e-01,-1.82056419e-02, 8.65881872e-01, 9.04315649e-04],\n [-8.56702785e-01, 1.57065996e-01,-4.91315185e-01,-6.10533104e-02],\n [-1.27055891e-01,-9.87420289e-01,-9.41168065e-02,-4.09780696e-04],\n [ 0.00000000e+00, 0.00000000e+00, 0.00000000e+00, 1.00000000e+00]]",
		"width": 0.005400325762807832
	},
	{
		"pose": "[[ 7.06952240e-01,-2.09060009e-02, 7.06952240e-01, 1.65894589e-03],\n [ 7.07072939e-01,-2.17557922e-03,-7.07137275e-01,-4.13432848e-02],\n [ 1.63214431e-02, 9.99779079e-01, 1.32440369e-02,-3.37890281e-04],\n [ 0.00000000e+00, 0.00000000e+00, 0.00000000e+00, 1.00000000e+00]]",
		"width": 0.004218207930465215
	},
	{
		"pose": "[[-2.58762479e-01,-2.09060009e-02, 9.65714719e-01, 1.65894589e-03],\n [ 9.65935314e-01,-2.17557922e-03, 2.58774490e-01,-4.13432848e-02],\n [-3.30895084e-03, 9.99779079e-01, 2.07568028e-02,-3.37890281e-04],\n [ 0.00000000e+00, 0.00000000e+00, 0.00000000e+00, 1.00000000e+00]]",
		"width": 0.004218207930465215
	},
	{
		"pose": "[[-9.65916925e-01, 4.29310789e-03, 2.58816660e-01, 1.63719996e-03],\n [ 2.58819789e-01, 1.80286289e-04, 9.65925610e-01,-4.15077316e-02],\n [ 4.10016177e-03, 9.99990768e-01,-1.28528285e-03,-3.61619776e-04],\n [ 0.00000000e+00, 0.00000000e+00, 0.00000000e+00, 1.00000000e+00]]",
		"width": 0.004219992907345024
	},
	{
		"pose": "[[-8.65836130e-01, 2.09060009e-02, 4.99890723e-01, 1.65894589e-03],\n [-4.99959418e-01, 2.17557922e-03,-8.66046100e-01,-4.13432848e-02],\n [-1.91931124e-02,-9.99779079e-01, 8.56845696e-03,-3.37890281e-04],\n [ 0.00000000e+00, 0.00000000e+00, 0.00000000e+00, 1.00000000e+00]]",
		"width": 0.004218207930465215
	},
	{
		"pose": "[[ 9.99781446e-01, 2.09060009e-02, 0.00000000e+00, 1.65894589e-03],\n [-4.54926037e-05, 2.17557922e-03, 9.99997632e-01,-4.13432848e-02],\n [ 2.09059514e-02,-9.99779079e-01, 2.17605480e-03,-3.37890281e-04],\n [ 0.00000000e+00, 0.00000000e+00, 0.00000000e+00, 1.00000000e+00]]",
		"width": 0.004218207930465215
	},
	{
		"pose": "[[-1.17696126e-15, 2.09060009e-02, 9.99781446e-01, 1.65894589e-03],\n [-9.99997632e-01, 2.17557922e-03,-4.54926037e-05,-4.13432848e-02],\n [-2.17605480e-03,-9.99779079e-01, 2.09059514e-02,-3.37890281e-04],\n [ 0.00000000e+00, 0.00000000e+00, 0.00000000e+00, 1.00000000e+00]]",
		"width": 0.004218207930465215
	},
	{
		"pose": "[[ 2.58762479e-01,-2.09060009e-02,-9.65714719e-01, 1.65894589e-03],\n [-9.65935314e-01,-2.17557922e-03,-2.58774490e-01,-4.13432848e-02],\n [ 3.30895084e-03, 9.99779079e-01,-2.07568028e-02,-3.37890281e-04],\n [ 0.00000000e+00, 0.00000000e+00, 0.00000000e+00, 1.00000000e+00]]",
		"width": 0.004218207930465215
	},
	{
		"pose": "[[-8.66024550e-01,-1.40442309e-03,-4.99999507e-01, 1.33570818e-03],\n [-4.99999965e-01,-2.83367682e-05, 8.66025423e-01,-4.08892259e-02],\n [-1.23043447e-03, 9.99999013e-01,-6.77671157e-04,-3.62599171e-04],\n [ 0.00000000e+00, 0.00000000e+00, 0.00000000e+00, 1.00000000e+00]]",
		"width": 0.0042218481612887005
	},
	{
		"pose": "[[-7.06952240e-01,-2.09060009e-02,-7.06952240e-01, 1.65894589e-03],\n [-7.07072939e-01,-2.17557922e-03, 7.07137275e-01,-4.13432848e-02],\n [-1.63214431e-02, 9.99779079e-01,-1.32440369e-02,-3.37890281e-04],\n [ 0.00000000e+00, 0.00000000e+00, 0.00000000e+00, 1.00000000e+00]]",
		"width": 0.004218207930465215
	},
	{
		"pose": "[[-4.99890723e-01, 2.09060009e-02,-8.65836130e-01, 1.65894589e-03],\n [ 8.66046100e-01, 2.17557922e-03,-4.99959418e-01,-4.13432848e-02],\n [-8.56845696e-03,-9.99779079e-01,-1.91931124e-02,-3.37890281e-04],\n [ 0.00000000e+00, 0.00000000e+00, 0.00000000e+00, 1.00000000e+00]]",
		"width": 0.004218207930465215
	},
	{
		"pose": "[[ 2.58762479e-01, 2.09060009e-02,-9.65714719e-01, 1.65894589e-03],\n [ 9.65911765e-01, 2.17557922e-03, 2.58862375e-01,-4.13432848e-02],\n [ 7.51276591e-03,-9.99779079e-01,-1.96303940e-02,-3.37890281e-04],\n [ 0.00000000e+00, 0.00000000e+00, 0.00000000e+00, 1.00000000e+00]]",
		"width": 0.004218207930465215
	},
	{
		"pose": "[[ 9.65714719e-01, 2.09060009e-02,-2.58762479e-01, 1.65894589e-03],\n [ 2.58774490e-01, 2.17557922e-03, 9.65935314e-01,-4.13432848e-02],\n [ 2.07568028e-02,-9.99779079e-01,-3.30895084e-03,-3.37890281e-04],\n [ 0.00000000e+00, 0.00000000e+00, 0.00000000e+00, 1.00000000e+00]]",
		"width": 0.004218207930465215
	},
	{
		"pose": "[[-4.99956954e-01,-1.31216183e-02,-8.65950846e-01, 1.63981687e-03],\n [-8.65994811e-01,-3.73953539e-03, 5.00039002e-01,-2.33019833e-02],\n [-9.79957475e-03, 9.99906915e-01,-9.49364664e-03,-3.04011284e-04],\n [ 0.00000000e+00, 0.00000000e+00, 0.00000000e+00, 1.00000000e+00]]",
		"width": 0.0041857681277305304
	},
	{
		"pose": "[[-9.65842668e-01,-1.31216183e-02,-2.58796763e-01, 1.63981687e-03],\n [-2.58769834e-01,-3.73953539e-03, 9.65931772e-01,-2.33019833e-02],\n [-1.36423677e-02, 9.99906915e-01, 2.16323843e-04,-3.04011284e-04],\n [ 0.00000000e+00, 0.00000000e+00, 0.00000000e+00, 1.00000000e+00]]",
		"width": 0.0041857681277305304
	},
	{
		"pose": "[[-7.07045905e-01, 1.31216183e-02,-7.07045905e-01, 1.63981687e-03],\n [ 7.07136536e-01, 3.73953539e-03,-7.07067136e-01,-2.33019833e-02],\n [-6.63384190e-03,-9.99906915e-01,-1.19227989e-02,-3.04011284e-04],\n [ 0.00000000e+00, 0.00000000e+00, 0.00000000e+00, 1.00000000e+00]]",
		"width": 0.0041857681277305304
	},
	{
		"pose": "[[ 2.58796763e-01, 1.31216183e-02,-9.65842668e-01, 1.63981687e-03],\n [ 9.65906370e-01, 3.73953539e-03, 2.58864636e-01,-2.33019833e-02],\n [ 7.00852578e-03,-9.99906915e-01,-1.17064751e-02,-3.04011284e-04],\n [ 0.00000000e+00, 0.00000000e+00, 0.00000000e+00, 1.00000000e+00]]",
		"width": 0.0041857681277305304
	},
	{
		"pose": "[[-9.99913908e-01,-1.31216183e-02, 0.00000000e+00, 1.63981687e-03],\n [ 4.90729808e-05,-3.73953539e-03, 9.99993007e-01,-2.33019833e-02],\n [-1.31215265e-02, 9.99906915e-01, 3.73985736e-03,-3.04011284e-04],\n [ 0.00000000e+00, 0.00000000e+00, 0.00000000e+00, 1.00000000e+00]]",
		"width": 0.0041857681277305304
	},
	{
		"pose": "[[ 2.58796763e-01,-1.31216183e-02, 9.65842668e-01, 1.63981687e-03],\n [ 9.65906370e-01,-3.73953539e-03,-2.58864636e-01,-2.33019833e-02],\n [ 7.00852578e-03, 9.99906915e-01, 1.17064751e-02,-3.04011284e-04],\n [ 0.00000000e+00, 0.00000000e+00, 0.00000000e+00, 1.00000000e+00]]",
		"width": 0.0041857681277305304
	},
	{
		"pose": "[[ 4.99956954e-01,-1.31216183e-02,-8.65950846e-01, 1.63981687e-03],\n [-8.66043884e-01,-3.73953539e-03,-4.99954005e-01,-2.33019833e-02],\n [ 3.32195179e-03, 9.99906915e-01,-1.32335040e-02,-3.04011284e-04],\n [ 0.00000000e+00, 0.00000000e+00, 0.00000000e+00, 1.00000000e+00]]",
		"width": 0.0041857681277305304
	},
	{
		"pose": "[[ 9.99913908e-01, 1.31216183e-02, 0.00000000e+00, 1.63981687e-03],\n [-4.90729808e-05, 3.73953539e-03, 9.99993007e-01,-2.33019833e-02],\n [ 1.31215265e-02,-9.99906915e-01, 3.73985736e-03,-3.04011284e-04],\n [ 0.00000000e+00, 0.00000000e+00, 0.00000000e+00, 1.00000000e+00]]",
		"width": 0.0041857681277305304
	},
	{
		"pose": "[[ 7.07045905e-01, 1.31216183e-02, 7.07045905e-01, 1.63981687e-03],\n [-7.07136536e-01, 3.73953539e-03, 7.07067136e-01,-2.33019833e-02],\n [ 6.63384190e-03,-9.99906915e-01, 1.19227989e-02,-3.04011284e-04],\n [ 0.00000000e+00, 0.00000000e+00, 0.00000000e+00, 1.00000000e+00]]",
		"width": 0.0041857681277305304
	},
	{
		"pose": "[[-2.58796763e-01, 1.31216183e-02, 9.65842668e-01, 1.63981687e-03],\n [-9.65906370e-01, 3.73953539e-03,-2.58864636e-01,-2.33019833e-02],\n [-7.00852578e-03,-9.99906915e-01, 1.17064751e-02,-3.04011284e-04],\n [ 0.00000000e+00, 0.00000000e+00, 0.00000000e+00, 1.00000000e+00]]",
		"width": 0.0041857681277305304
	},
	{
		"pose": "[[ 2.58811016e-01,-7.87673951e-03, 9.65895861e-01, 1.68773896e-03],\n [ 9.65904558e-01,-4.85285135e-03,-2.58852921e-01,-4.01933204e-04],\n [ 6.72626606e-03, 9.99957202e-01, 6.35220721e-03,-1.93230590e-04],\n [ 0.00000000e+00, 0.00000000e+00, 0.00000000e+00, 1.00000000e+00]]",
		"width": 0.004225526579906903
	},
	{
		"pose": "[[ 2.58811016e-01, 7.87673951e-03, 9.65895861e-01, 1.68773896e-03],\n [-9.65924345e-01, 4.85285135e-03, 2.58779074e-01,-4.01933204e-04],\n [-2.64901367e-03,-9.99957202e-01, 8.86430584e-03,-1.93230590e-04],\n [ 0.00000000e+00, 0.00000000e+00, 0.00000000e+00, 1.00000000e+00]]",
		"width": 0.004225526579906903
	},
	{
		"pose": "[[-4.99984489e-01, 7.87673951e-03, 8.65998538e-01, 1.68773896e-03],\n [-8.65996093e-01, 4.85285135e-03,-5.00027217e-01,-4.01933204e-04],\n [-8.14114631e-03,-9.99957202e-01, 4.39487524e-03,-1.93230590e-04],\n [ 0.00000000e+00, 0.00000000e+00, 0.00000000e+00, 1.00000000e+00]]",
		"width": 0.004225526579906903
	},
	{
		"pose": "[[-8.65998538e-01, 7.87673951e-03,-4.99984489e-01, 1.68773896e-03],\n [ 5.00027217e-01, 4.85285135e-03,-8.65996093e-01,-4.01933204e-04],\n [-4.39487524e-03,-9.99957202e-01,-8.14114631e-03,-1.93230590e-04],\n [ 0.00000000e+00, 0.00000000e+00, 0.00000000e+00, 1.00000000e+00]]",
		"width": 0.004225526579906903
	},
	{
		"pose": "[[-2.19072218e-16, 7.87673951e-03,-9.99968978e-01, 1.68773896e-03],\n [ 9.99988224e-01, 4.85285135e-03, 3.82258318e-05,-4.01933204e-04],\n [ 4.85300190e-03,-9.99957202e-01,-7.87664676e-03,-1.93230590e-04],\n [ 0.00000000e+00, 0.00000000e+00, 0.00000000e+00, 1.00000000e+00]]",
		"width": 0.004225526579906903
	},
	{
		"pose": "[[-7.07084845e-01,-7.87673951e-03,-7.07084845e-01, 1.68773896e-03],\n [-7.07071425e-01,-4.85285135e-03, 7.07125484e-01,-4.01933204e-04],\n [-9.00122089e-03, 9.99957202e-01,-2.13803979e-03,-1.93230590e-04],\n [ 0.00000000e+00, 0.00000000e+00, 0.00000000e+00, 1.00000000e+00]]",
		"width": 0.004225526579906903
	},
	{
		"pose": "[[ 4.99984489e-01, 7.87673951e-03,-8.65998538e-01, 1.68773896e-03],\n [ 8.65996093e-01, 4.85285135e-03, 5.00027217e-01,-4.01933204e-04],\n [ 8.14114631e-03,-9.99957202e-01,-4.39487524e-03,-1.93230590e-04],\n [ 0.00000000e+00, 0.00000000e+00, 0.00000000e+00, 1.00000000e+00]]",
		"width": 0.004225526579906903
	},
	{
		"pose": "[[ 2.58811016e-01,-7.87673951e-03,-9.65895861e-01, 1.68773896e-03],\n [-9.65924345e-01,-4.85285135e-03,-2.58779074e-01,-4.01933204e-04],\n [-2.64901367e-03, 9.99957202e-01,-8.86430584e-03,-1.93230590e-04],\n [ 0.00000000e+00, 0.00000000e+00, 0.00000000e+00, 1.00000000e+00]]",
		"width": 0.004225526579906903
	},
	{
		"pose": "[[ 7.07084845e-01,-7.87673951e-03, 7.07084845e-01, 1.68773896e-03],\n [ 7.07071425e-01,-4.85285135e-03,-7.07125484e-01,-4.01933204e-04],\n [ 9.00122089e-03, 9.99957202e-01, 2.13803979e-03,-1.93230590e-04],\n [ 0.00000000e+00, 0.00000000e+00, 0.00000000e+00, 1.00000000e+00]]",
		"width": 0.004225526579906903
	},
	{
		"pose": "[[ 2.58819022e-01, 4.24066012e-04,-9.65925739e-01, 1.90535430e-03],\n [-9.65911821e-01,-5.27265672e-03,-2.58817607e-01, 1.77165789e-02],\n [-5.20275059e-03, 9.99986010e-01,-9.55053481e-04,-1.16488869e-04],\n [ 0.00000000e+00, 0.00000000e+00, 0.00000000e+00, 1.00000000e+00]]",
		"width": 0.004189059572518848
	},
	{
		"pose": "[[-7.07047757e-01, 1.29204677e-02,-7.07047757e-01, 1.76325423e-03],\n [ 7.07154415e-01, 7.24457664e-03,-7.07022029e-01, 1.72847558e-02],\n [-4.01279361e-03,-9.99890283e-01,-1.42590274e-02,-1.07333389e-04],\n [ 0.00000000e+00, 0.00000000e+00, 0.00000000e+00, 1.00000000e+00]]",
		"width": 0.004200297404505034
	},
	{
		"pose": "[[-4.99999955e-01,-4.24066012e-04,-8.66025326e-01, 1.90535430e-03],\n [ 8.66012248e-01, 5.27265672e-03,-4.99994986e-01, 1.77165789e-02],\n [ 4.77828514e-03,-9.99986010e-01,-2.26908176e-03,-1.16488869e-04],\n [ 0.00000000e+00, 0.00000000e+00, 0.00000000e+00, 1.00000000e+00]]",
		"width": 0.004189059572518848
	},
	{
		"pose": "[[ 1.35198147e-15,-4.24066012e-04, 9.99999910e-01, 1.90535430e-03],\n [-9.99986099e-01, 5.27265672e-03, 2.23595471e-06, 1.77165789e-02],\n [-5.27265720e-03,-9.99986010e-01,-4.24060118e-04,-1.16488869e-04],\n [ 0.00000000e+00, 0.00000000e+00, 0.00000000e+00, 1.00000000e+00]]",
		"width": 0.004189059572518848
	},
	{
		"pose": "[[-7.07106718e-01,-4.24066012e-04, 7.07106718e-01, 1.90535430e-03],\n [-7.07098533e-01, 5.27265672e-03,-7.07095371e-01, 1.77165789e-02],\n [-3.42847587e-03,-9.99986010e-01,-4.02818744e-03,-1.16488869e-04],\n [ 0.00000000e+00, 0.00000000e+00, 0.00000000e+00, 1.00000000e+00]]",
		"width": 0.004189059572518848
	},
	{
		"pose": "[[-7.07106718e-01, 4.24066012e-04, 7.07106718e-01, 1.90535430e-03],\n [ 7.07095371e-01,-5.27265672e-03, 7.07098533e-01, 1.77165789e-02],\n [ 4.02818744e-03, 9.99986010e-01, 3.42847587e-03,-1.16488869e-04],\n [ 0.00000000e+00, 0.00000000e+00, 0.00000000e+00, 1.00000000e+00]]",
		"width": 0.004189059572518848
	},
	{
		"pose": "[[ 7.07106718e-01,-4.24066012e-04,-7.07106718e-01, 1.90535430e-03],\n [ 7.07098533e-01, 5.27265672e-03, 7.07095371e-01, 1.77165789e-02],\n [ 3.42847587e-03,-9.99986010e-01, 4.02818744e-03,-1.16488869e-04],\n [ 0.00000000e+00, 0.00000000e+00, 0.00000000e+00, 1.00000000e+00]]",
		"width": 0.004189059572518848
	},
	{
		"pose": "[[-7.07063074e-01, 1.11184351e-02,-7.07063074e-01, 1.93706447e-03],\n [ 7.07150267e-01, 1.03300555e-02,-7.06987829e-01, 3.82672329e-02],\n [-5.56597539e-04,-9.99884829e-01,-1.51664051e-02, 2.47881256e-05],\n [ 0.00000000e+00, 0.00000000e+00, 0.00000000e+00, 1.00000000e+00]]",
		"width": 0.004172528767231255
	},
	{
		"pose": "[[ 2.58803047e-01, 1.11184351e-02,-9.65866121e-01, 1.93706447e-03],\n [ 9.65844553e-01, 1.03300555e-02, 2.58916181e-01, 3.82672329e-02],\n [ 1.28561934e-02,-9.99884829e-01,-8.06523018e-03, 2.47881256e-05],\n [ 0.00000000e+00, 0.00000000e+00, 0.00000000e+00, 1.00000000e+00]]",
		"width": 0.004172528767231255
	},
	{
		"pose": "[[-4.99969094e-01,-1.11184351e-02,-8.65971873e-01, 1.93706447e-03],\n [-8.65921759e-01,-1.03300555e-02, 5.00072791e-01, 3.82672329e-02],\n [-1.45055644e-02, 9.99884829e-01,-4.46298644e-03, 2.47881256e-05],\n [ 0.00000000e+00, 0.00000000e+00, 0.00000000e+00, 1.00000000e+00]]",
		"width": 0.004172528767231255
	},
	{
		"pose": "[[ 4.99969094e-01,-1.11184351e-02,-8.65971873e-01, 1.93706447e-03],\n [-8.66036621e-01,-1.03300555e-02,-4.99873846e-01, 3.82672329e-02],\n [-3.38772256e-03, 9.99884829e-01,-1.47936805e-02, 2.47881256e-05],\n [ 0.00000000e+00, 0.00000000e+00, 0.00000000e+00, 1.00000000e+00]]",
		"width": 0.004172528767231255
	},
	{
		"pose": "[[-4.99969094e-01, 1.11184351e-02, 8.65971873e-01, 1.93706447e-03],\n [-8.65921759e-01, 1.03300555e-02,-5.00072791e-01, 3.82672329e-02],\n [-1.45055644e-02,-9.99884829e-01, 4.46298644e-03, 2.47881256e-05],\n [ 0.00000000e+00, 0.00000000e+00, 0.00000000e+00, 1.00000000e+00]]",
		"width": 0.004172528767231255
	},
	{
		"pose": "[[ 4.99969094e-01,-1.11184351e-02, 8.65971873e-01, 1.93706447e-03],\n [ 8.65921759e-01,-1.03300555e-02,-5.00072791e-01, 3.82672329e-02],\n [ 1.45055644e-02, 9.99884829e-01, 4.46298644e-03, 2.47881256e-05],\n [ 0.00000000e+00, 0.00000000e+00, 0.00000000e+00, 1.00000000e+00]]",
		"width": 0.004172528767231255
	},
	{
		"pose": "[[-7.07104380e-01, 2.60597589e-03, 7.07104380e-01, 1.08848880e-03],\n [ 7.07054640e-01,-9.81444032e-03, 7.07090810e-01, 5.51996907e-02],\n [ 8.78249534e-03, 9.99948441e-01, 5.09726639e-03, 1.91243343e-04],\n [ 0.00000000e+00, 0.00000000e+00, 0.00000000e+00, 1.00000000e+00]]",
		"width": 0.004258181326059172
	},
	{
		"pose": "[[ 2.58818166e-01, 2.60597589e-03, 9.65922546e-01, 1.08848880e-03],\n [ 9.65885924e-01,-9.81444032e-03,-2.58781875e-01, 5.51996907e-02],\n [ 8.80560986e-03, 9.99948441e-01,-5.05723088e-03, 1.91243343e-04],\n [ 0.00000000e+00, 0.00000000e+00, 0.00000000e+00, 1.00000000e+00]]",
		"width": 0.004258181326059172
	},
	{
		"pose": "[[ 1.86141228e-16,-2.60597589e-03,-9.99996604e-01, 1.08848880e-03],\n [ 9.99951837e-01, 9.81444032e-03,-2.55762817e-05, 5.51996907e-02],\n [ 9.81447364e-03,-9.99948441e-01, 2.60585038e-03, 1.91243343e-04],\n [ 0.00000000e+00, 0.00000000e+00, 0.00000000e+00, 1.00000000e+00]]",
		"width": 0.004258181326059172
	},
	{
		"pose": "[[-4.99994484e-01,-4.69720388e-03,-8.66015850e-01, 1.33725037e-03],\n [-8.65808400e-01,-1.98370060e-02, 4.99982307e-01, 5.53152140e-02],\n [-1.95276805e-02, 9.99792193e-01, 5.85151502e-03, 1.77907946e-04],\n [ 0.00000000e+00, 0.00000000e+00, 0.00000000e+00, 1.00000000e+00]]",
		"width": 0.0042634503192799204
	},
	{
		"pose": "[[-2.58818166e-01, 2.60597589e-03,-9.65922546e-01, 1.08848880e-03],\n [-9.65885924e-01,-9.81444032e-03, 2.58781875e-01, 5.51996907e-02],\n [-8.80560986e-03, 9.99948441e-01, 5.05723088e-03, 1.91243343e-04],\n [ 0.00000000e+00, 0.00000000e+00, 0.00000000e+00, 1.00000000e+00]]",
		"width": 0.004258181326059172
	},
	{
		"pose": "[[ 4.99998302e-01, 2.60597589e-03,-8.66022463e-01, 1.08848880e-03],\n [-8.65970905e-01,-9.81444032e-03,-4.99998068e-01, 5.51996907e-02],\n [-9.80250869e-03, 9.99948441e-01,-2.65050419e-03, 1.91243343e-04],\n [ 0.00000000e+00, 0.00000000e+00, 0.00000000e+00, 1.00000000e+00]]",
		"width": 0.004258181326059172
	}
]