[
	{
		"pose": "[[ 9.13933311e-02, 9.95814872e-01, 0.00000000e+00, 4.61728851e-04],\n [ 7.77563504e-01,-7.13627811e-02, 6.24741828e-01,-2.64475050e-02],\n [ 6.22127203e-01,-5.70972367e-02,-7.80831383e-01,-3.07035516e-02],\n [ 0.00000000e+00, 0.00000000e+00, 0.00000000e+00, 1.00000000e+00]]",
		"width": 0.0261336632598835
	},
	{
		"pose": "[[ 2.36543347e-02, 9.95814872e-01, 8.82791789e-02, 4.61728851e-04],\n [-4.02206023e-01,-7.13627811e-02, 9.12763753e-01,-2.64475050e-02],\n [ 9.15243567e-01,-5.70972367e-02, 3.98834700e-01,-3.07035516e-02],\n [ 0.00000000e+00, 0.00000000e+00, 0.00000000e+00, 1.00000000e+00]]",
		"width": 0.0261336632598835
	},
	{
		"pose": "[[ 2.36543347e-02,-9.95814872e-01, 8.82791789e-02, 4.61728851e-04],\n [ 8.04702510e-01, 7.13627811e-02, 5.89373586e-01,-2.64475050e-02],\n [-5.93206830e-01, 5.70972367e-02, 8.03022766e-01,-3.07035516e-02],\n [ 0.00000000e+00, 0.00000000e+00, 0.00000000e+00, 1.00000000e+00]]",
		"width": 0.0261336632598835
	},
	{
		"pose": "[[-6.46248442e-02,-9.95814872e-01, 6.46248442e-02, 4.61728851e-04],\n [-1.08061243e-01, 7.13627811e-02, 9.91579609e-01,-2.64475050e-02],\n [-9.92041530e-01, 5.70972367e-02,-1.12220802e-01,-3.07035516e-02],\n [ 0.00000000e+00, 0.00000000e+00, 0.00000000e+00, 1.00000000e+00]]",
		"width": 0.0261336632598835
	},
	{
		"pose": "[[-9.13933311e-02,-9.95814872e-01, 0.00000000e+00, 4.61728851e-04],\n [-7.77563504e-01, 7.13627811e-02, 6.24741828e-01,-2.64475050e-02],\n [-6.22127203e-01, 5.70972367e-02,-7.80831383e-01,-3.07035516e-02],\n [ 0.00000000e+00, 0.00000000e+00, 0.00000000e+00, 1.00000000e+00]]",
		"width": 0.0261336632598835
	},
	{
		"pose": "[[ 6.46248442e-02,-9.95814872e-01, 6.46248442e-02, 4.61728851e-04],\n [ 9.91579609e-01, 7.13627811e-02, 1.08061243e-01,-2.64475050e-02],\n [-1.12220802e-01, 5.70972367e-02, 9.92041530e-01,-3.07035516e-02],\n [ 0.00000000e+00, 0.00000000e+00, 0.00000000e+00, 1.00000000e+00]]",
		"width": 0.0261336632598835
	},
	{
		"pose": "[[-6.46248442e-02, 9.95814872e-01, 6.46248442e-02, 4.61728851e-04],\n [-9.91579609e-01,-7.13627811e-02, 1.08061243e-01,-2.64475050e-02],\n [ 1.12220802e-01,-5.70972367e-02, 9.92041530e-01,-3.07035516e-02],\n [ 0.00000000e+00, 0.00000000e+00, 0.00000000e+00, 1.00000000e+00]]",
		"width": 0.0261336632598835
	},
	{
		"pose": "[[ 4.02110687e-02, 9.98381761e-01,-4.02110687e-02, 7.25929017e-04],\n [ 5.66462985e-01, 1.03735057e-02, 8.24021891e-01,-1.89618444e-03],\n [ 8.23105556e-01,-5.59128828e-02,-5.65129183e-01,-5.43894870e-02],\n [ 0.00000000e+00, 0.00000000e+00, 0.00000000e+00, 1.00000000e+00]]",
		"width": 0.030124698502523434
	},
	{
		"pose": "[[-0.47746479, 0.29683246,-0.82699327, 0.0020903 ],\n [ 0.17417808, 0.9545048 , 0.24203838,-0.00289737],\n [ 0.8612139 ,-0.02847929,-0.50744414,-0.05072952],\n [ 0.        , 0.        , 0.        , 1.        ]]",
		"width": 0.06429404783685734
	},
	{
		"pose": "[[ 0.67523718, 0.29683246,-0.67523718, 0.0020903 ],\n [-0.18871052, 0.9545048 , 0.23088724,-0.00289737],\n [ 0.71305196,-0.02847929, 0.70053254,-0.05072952],\n [ 0.        , 0.        , 0.        , 1.        ]]",
		"width": 0.06429404783685734
	},
	{
		"pose": "[[ 5.49293413e-02, 9.98381761e-01,-1.47182726e-02, 7.25929017e-04],\n [ 7.85603900e-02, 1.03735057e-02, 9.96855383e-01,-1.89618444e-03],\n [ 9.95394913e-01,-5.59128828e-02,-7.78634507e-02,-5.43894870e-02],\n [ 0.00000000e+00, 0.00000000e+00, 0.00000000e+00, 1.00000000e+00]]",
		"width": 0.030124698502523434
	},
	{
		"pose": "[[-2.04697370e-16,-2.96832460e-01,-9.54929574e-01, 2.09029672e-03],\n [-2.98234489e-02,-9.54504804e-01, 2.96700423e-01,-2.89737422e-03],\n [-9.99555182e-01, 2.84792933e-02,-8.85256769e-03,-5.07295236e-02],\n [ 0.00000000e+00, 0.00000000e+00, 0.00000000e+00, 1.00000000e+00]]",
		"width": 0.06429404783685734
	},
	{
		"pose": "[[-4.02110687e-02,-9.98381761e-01, 4.02110687e-02, 7.25929017e-04],\n [ 8.24021891e-01,-1.03735057e-02, 5.66462985e-01,-1.89618444e-03],\n [-5.65129183e-01, 5.59128828e-02, 8.23105556e-01,-5.43894870e-02],\n [ 0.00000000e+00, 0.00000000e+00, 0.00000000e+00, 1.00000000e+00]]",
		"width": 0.030124698502523434
	},
	{
		"pose": "[[-1.47182726e-02,-9.98381761e-01, 5.49293413e-02, 7.25929017e-04],\n [ 9.96855383e-01,-1.03735057e-02, 7.85603900e-02,-1.89618444e-03],\n [-7.78634507e-02, 5.59128828e-02, 9.95394913e-01,-5.43894870e-02],\n [ 0.00000000e+00, 0.00000000e+00, 0.00000000e+00, 1.00000000e+00]]",
		"width": 0.030124698502523434
	},
	{
		"pose": "[[-5.49293413e-02,-9.98381761e-01,-1.47182726e-02, 7.25929017e-04],\n [-7.85603900e-02,-1.03735057e-02, 9.96855383e-01,-1.89618444e-03],\n [-9.95394913e-01, 5.59128828e-02,-7.78634507e-02,-5.43894870e-02],\n [ 0.00000000e+00, 0.00000000e+00, 0.00000000e+00, 1.00000000e+00]]",
		"width": 0.030124698502523434
	},
	{
		"pose": "[[-0.95492957,-0.29683246, 0.        , 0.0020903 ],\n [ 0.29670042,-0.9545048 , 0.02982345,-0.00289737],\n [-0.00885257, 0.02847929, 0.99955518,-0.05072952],\n [ 0.        , 0.        , 0.        , 1.        ]]",
		"width": 0.06429404783685734
	},
	{
		"pose": "[[-0.47746479,-0.29683246, 0.82699327, 0.0020903 ],\n [ 0.17417808,-0.9545048 ,-0.24203838,-0.00289737],\n [ 0.8612139 , 0.02847929, 0.50744414,-0.05072952],\n [ 0.        , 0.        , 0.        , 1.        ]]",
		"width": 0.06429404783685734
	},
	{
		"pose": "[[ 5.68670387e-02,-9.98381761e-01, 0.00000000e+00, 7.25929017e-04],\n [-1.82121649e-01,-1.03735057e-02,-9.83221285e-01,-1.89618444e-03],\n [ 9.81630198e-01, 5.59128828e-02,-1.82416843e-01,-5.43894870e-02],\n [ 0.00000000e+00, 0.00000000e+00, 0.00000000e+00, 1.00000000e+00]]",
		"width": 0.030124698502523434
	},
	{
		"pose": "[[-5.68670387e-02, 9.98381761e-01, 0.00000000e+00, 7.25929017e-04],\n [ 1.82121649e-01, 1.03735057e-02,-9.83221285e-01,-1.89618444e-03],\n [-9.81630198e-01,-5.59128828e-02,-1.82416843e-01,-5.43894870e-02],\n [ 0.00000000e+00, 0.00000000e+00, 0.00000000e+00, 1.00000000e+00]]",
		"width": 0.030124698502523434
	},
	{
		"pose": "[[ 0.24715396, 0.29683246, 0.92239114, 0.0020903 ],\n [-0.10559896, 0.9545048 ,-0.27887173,-0.00289737],\n [-0.96320495,-0.02847929, 0.26725484,-0.05072952],\n [ 0.        , 0.        , 0.        , 1.        ]]",
		"width": 0.06429404783685734
	},
	{
		"pose": "[[-2.84335193e-02, 9.98381761e-01, 4.92483001e-02, 7.25929017e-04],\n [-7.60433786e-01, 1.03735057e-02,-6.49332617e-01,-1.89618444e-03],\n [-6.48792719e-01,-5.59128828e-02, 7.58908267e-01,-5.43894870e-02],\n [ 0.00000000e+00, 0.00000000e+00, 0.00000000e+00, 1.00000000e+00]]",
		"width": 0.030124698502523434
	},
	{
		"pose": "[[ 0.95492957, 0.29683246, 0.        , 0.0020903 ],\n [-0.29670042, 0.9545048 , 0.02982345,-0.00289737],\n [ 0.00885257,-0.02847929, 0.99955518,-0.05072952],\n [ 0.        , 0.        , 0.        , 1.        ]]",
		"width": 0.06429404783685734
	},
	{
		"pose": "[[ 2.84335193e-02, 9.98381761e-01, 4.92483001e-02, 7.25929017e-04],\n [-9.42555435e-01, 1.03735057e-02, 3.33888668e-01,-1.89618444e-03],\n [ 3.32837479e-01,-5.59128828e-02, 9.41325110e-01,-5.43894870e-02],\n [ 0.00000000e+00, 0.00000000e+00, 0.00000000e+00, 1.00000000e+00]]",
		"width": 0.030124698502523434
	},
	{
		"pose": "[[-4.93851595e-01,-1.56340684e-01,-8.55376053e-01, 8.11566889e-04],\n [-1.10155265e-01, 9.87027065e-01,-1.16804922e-01,-2.08419494e-03],\n [ 8.62540677e-01, 3.65398790e-02,-5.04666640e-01,-3.42769717e-02],\n [ 0.00000000e+00, 0.00000000e+00, 0.00000000e+00, 1.00000000e+00]]",
		"width": 0.06738443628620987
	},
	{
		"pose": "[[ 4.30791130e-02,-9.99004979e-01,-1.15430135e-02, 8.89554094e-04],\n [ 9.79129580e-01, 4.45133324e-02,-1.98302368e-01,-4.14926311e-03],\n [ 1.98618871e-01,-2.75941587e-03, 9.80072921e-01,-3.25250454e-02],\n [ 0.00000000e+00, 0.00000000e+00, 0.00000000e+00, 1.00000000e+00]]",
		"width": 0.028000069614276007
	},
	{
		"pose": "[[-8.63311679e-01,-7.91028496e-02,-4.98433230e-01, 3.88455631e-04],\n [ 4.40082213e-02,-9.95677289e-01, 8.17924988e-02,-1.94030667e-03],\n [-5.02748667e-01, 4.86772595e-02, 8.63061007e-01,-3.39410056e-02],\n [ 0.00000000e+00, 0.00000000e+00, 0.00000000e+00, 1.00000000e+00]]",
		"width": 0.06736728932519293
	},
	{
		"pose": "[[-9.54963613e-01,-1.50229952e-01, 2.55881729e-01, 5.52668514e-04],\n [ 1.55079759e-01,-9.87901177e-01,-1.23814943e-03,-1.96859486e-03],\n [ 2.52971868e-01, 3.84996891e-02, 9.66707302e-01,-3.43265894e-02],\n [ 0.00000000e+00, 0.00000000e+00, 0.00000000e+00, 1.00000000e+00]]",
		"width": 0.06721798654034856
	},
	{
		"pose": "[[-2.58410725e-01, 5.61495094e-02, 9.64401955e-01, 7.57219983e-04],\n [ 7.37675485e-02,-9.94247624e-01, 7.76531420e-02,-1.92011793e-03],\n [ 9.63214538e-01, 9.12079727e-02, 2.52782238e-01,-3.36450314e-02],\n [ 0.00000000e+00, 0.00000000e+00, 0.00000000e+00, 1.00000000e+00]]",
		"width": 0.0676378899142232
	},
	{
		"pose": "[[ 2.22993898e-02,-9.99004979e-01,-3.86236761e-02, 8.89554094e-04],\n [ 5.52128216e-01, 4.45133324e-02,-8.32570115e-01,-4.14926311e-03],\n [ 8.33460959e-01,-2.75941587e-03, 5.52571457e-01,-3.25250454e-02],\n [ 0.00000000e+00, 0.00000000e+00, 0.00000000e+00, 1.00000000e+00]]",
		"width": 0.028000069614276007
	},
	{
		"pose": "[[-2.22993898e-02,-9.99004979e-01,-3.86236761e-02, 8.89554094e-04],\n [-4.44962762e-01, 4.45133324e-02,-8.94442119e-01,-4.14926311e-03],\n [ 8.95271399e-01,-2.75941587e-03,-4.45512635e-01,-3.25250454e-02],\n [ 0.00000000e+00, 0.00000000e+00, 0.00000000e+00, 1.00000000e+00]]",
		"width": 0.028000069614276007
	},
	{
		"pose": "[[ 2.55881729e-01,-1.50229952e-01, 9.54963613e-01, 5.52668514e-04],\n [-1.23814943e-03,-9.87901177e-01,-1.55079759e-01,-1.96859486e-03],\n [ 9.66707302e-01, 3.84996891e-02,-2.52971868e-01,-3.43265894e-02],\n [ 0.00000000e+00, 0.00000000e+00, 0.00000000e+00, 1.00000000e+00]]",
		"width": 0.06721798654034856
	},
	{
		"pose": "[[-4.30791130e-02, 9.99004979e-01,-1.15430135e-02, 8.89554094e-04],\n [-9.79129580e-01,-4.45133324e-02,-1.98302368e-01,-4.14926311e-03],\n [-1.98618871e-01, 2.75941587e-03, 9.80072921e-01,-3.25250454e-02],\n [ 0.00000000e+00, 0.00000000e+00, 0.00000000e+00, 1.00000000e+00]]",
		"width": 0.028000069614276007
	},
	{
		"pose": "[[-2.22993898e-02, 9.99004979e-01,-3.86236761e-02, 8.89554094e-04],\n [-5.52128216e-01,-4.45133324e-02,-8.32570115e-01,-4.14926311e-03],\n [-8.33460959e-01, 2.75941587e-03, 5.52571457e-01,-3.25250454e-02],\n [ 0.00000000e+00, 0.00000000e+00, 0.00000000e+00, 1.00000000e+00]]",
		"width": 0.028000069614276007
	},
	{
		"pose": "[[-9.88687870e-01, 1.49987652e-01, 0.00000000e+00, 8.17832572e-04],\n [-1.49910615e-01,-9.88180059e-01,-3.20464996e-02,-2.11420176e-03],\n [-4.80657924e-03,-3.16839855e-02, 9.99486379e-01,-3.39601776e-02],\n [ 0.00000000e+00, 0.00000000e+00, 0.00000000e+00, 1.00000000e+00]]",
		"width": 0.06737223622639532
	},
	{
		"pose": "[[-8.56228812e-01, 1.49987652e-01,-4.94343935e-01, 8.17832572e-04],\n [-1.13803151e-01,-9.88180059e-01,-1.02708390e-01,-2.11420176e-03],\n [-5.03905809e-01,-3.16839855e-02, 8.63177305e-01,-3.39601776e-02],\n [ 0.00000000e+00, 0.00000000e+00, 0.00000000e+00, 1.00000000e+00]]",
		"width": 0.06737223622639532
	},
	{
		"pose": "[[ 8.55376053e-01,-1.56340684e-01,-4.93851595e-01, 8.11566889e-04],\n [ 1.16804922e-01, 9.87027065e-01,-1.10155265e-01,-2.08419494e-03],\n [ 5.04666640e-01, 3.65398790e-02, 8.62540677e-01,-3.42769717e-02],\n [ 0.00000000e+00, 0.00000000e+00, 0.00000000e+00, 1.00000000e+00]]",
		"width": 0.06738443628620987
	},
	{
		"pose": "[[ 4.93851595e-01,-1.56340684e-01,-8.55376053e-01, 8.11566889e-04],\n [ 4.60783972e-02, 9.87027065e-01,-1.53799719e-01,-2.08419494e-03],\n [ 8.68324469e-01, 3.65398790e-02, 4.94648818e-01,-3.42769717e-02],\n [ 0.00000000e+00, 0.00000000e+00, 0.00000000e+00, 1.00000000e+00]]",
		"width": 0.06738443628620987
	},
	{
		"pose": "[[ 9.87703189e-01,-1.56340684e-01, 3.16523631e-16, 8.11566889e-04],\n [ 1.56233662e-01, 9.87027065e-01,-3.69947970e-02,-2.08419494e-03],\n [ 5.78379187e-03, 3.65398790e-02, 9.99315458e-01,-3.42769717e-02],\n [ 0.00000000e+00, 0.00000000e+00, 0.00000000e+00, 1.00000000e+00]]",
		"width": 0.06738443628620987
	},
	{
		"pose": "[[ 4.94343935e-01,-1.49987652e-01, 8.56228812e-01, 8.17832572e-04],\n [ 1.02708390e-01, 9.88180059e-01, 1.13803151e-01,-2.11420176e-03],\n [-8.63177305e-01, 3.16839855e-02, 5.03905809e-01,-3.39601776e-02],\n [ 0.00000000e+00, 0.00000000e+00, 0.00000000e+00, 1.00000000e+00]]",
		"width": 0.06737223622639532
	},
	{
		"pose": "[[ 2.55636396e-01,-1.56340684e-01, 9.54048019e-01, 8.11566889e-04],\n [ 7.61704771e-02, 9.87027065e-01, 1.41335171e-01,-2.08419494e-03],\n [-9.63767654e-01, 3.65398790e-02, 2.64228587e-01,-3.42769717e-02],\n [ 0.00000000e+00, 0.00000000e+00, 0.00000000e+00, 1.00000000e+00]]",
		"width": 0.06738443628620987
	},
	{
		"pose": "[[-2.55636396e-01,-1.56340684e-01, 9.54048019e-01, 8.11566889e-04],\n [-4.70201748e-03, 9.87027065e-01, 1.60485087e-01,-2.08419494e-03],\n [-9.66761565e-01, 3.65398790e-02,-2.53055159e-01,-3.42769717e-02],\n [ 0.00000000e+00, 0.00000000e+00, 0.00000000e+00, 1.00000000e+00]]",
		"width": 0.06738443628620987
	},
	{
		"pose": "[[ 2.22993898e-02, 9.99004979e-01,-3.86236761e-02, 8.89554094e-04],\n [ 4.44962762e-01,-4.45133324e-02,-8.94442119e-01,-4.14926311e-03],\n [-8.95271399e-01, 2.75941587e-03,-4.45512635e-01,-3.25250454e-02],\n [ 0.00000000e+00, 0.00000000e+00, 0.00000000e+00, 1.00000000e+00]]",
		"width": 0.028000069614276007
	},
	{
		"pose": "[[ 3.15360995e-02,-9.99004979e-01, 3.15360995e-02, 8.89554094e-04],\n [ 6.61299678e-01, 4.45133324e-02, 7.48799906e-01,-4.14926311e-03],\n [-7.49458611e-01,-2.75941587e-03, 6.62045448e-01,-3.25250454e-02],\n [ 0.00000000e+00, 0.00000000e+00, 0.00000000e+00, 1.00000000e+00]]",
		"width": 0.028000069614276007
	},
	{
		"pose": "[[-2.55881729e-01,-1.50229952e-01,-9.54963613e-01, 5.52668514e-04],\n [ 1.23814943e-03,-9.87901177e-01, 1.55079759e-01,-1.96859486e-03],\n [-9.66707302e-01, 3.84996891e-02, 2.52971868e-01,-3.43265894e-02],\n [ 0.00000000e+00, 0.00000000e+00, 0.00000000e+00, 1.00000000e+00]]",
		"width": 0.06721798654034856
	},
	{
		"pose": "[[ 6.99081884e-01,-1.50229952e-01,-6.99081884e-01, 5.52668514e-04],\n [-1.33683936e-01,-9.87901177e-01, 7.86121483e-02,-1.96859486e-03],\n [-7.02433715e-01, 3.84996891e-02,-7.10707147e-01,-3.43265894e-02],\n [ 0.00000000e+00, 0.00000000e+00, 0.00000000e+00, 1.00000000e+00]]",
		"width": 0.06721798654034856
	},
	{
		"pose": "[[-1.15430135e-02,-9.99004979e-01, 4.30791130e-02, 8.89554094e-04],\n [-3.17829901e-01, 4.45133324e-02, 9.47102274e-01,-4.14926311e-03],\n [-9.48077482e-01,-2.75941587e-03,-3.18027472e-01,-3.25250454e-02],\n [ 0.00000000e+00, 0.00000000e+00, 0.00000000e+00, 1.00000000e+00]]",
		"width": 0.028000069614276007
	},
	{
		"pose": "[[-3.15360995e-02,-9.99004979e-01, 3.15360995e-02, 8.89554094e-04],\n [-7.48799906e-01, 4.45133324e-02, 6.61299678e-01,-4.14926311e-03],\n [-6.62045448e-01,-2.75941587e-03,-7.49458611e-01,-3.25250454e-02],\n [ 0.00000000e+00, 0.00000000e+00, 0.00000000e+00, 1.00000000e+00]]",
		"width": 0.028000069614276007
	},
	{
		"pose": "[[-3.86236761e-02, 9.99004979e-01, 2.22993898e-02, 8.89554094e-04],\n [-8.32570115e-01,-4.45133324e-02, 5.52128216e-01,-4.14926311e-03],\n [ 5.52571457e-01, 2.75941587e-03, 8.33460959e-01,-3.25250454e-02],\n [ 0.00000000e+00, 0.00000000e+00, 0.00000000e+00, 1.00000000e+00]]",
		"width": 0.028000069614276007
	},
	{
		"pose": "[[-8.55376053e-01, 1.56340684e-01, 4.93851595e-01, 8.11566889e-04],\n [-1.53799719e-01,-9.87027065e-01, 4.60783972e-02,-2.08419494e-03],\n [ 4.94648818e-01,-3.65398790e-02, 8.68324469e-01,-3.42769717e-02],\n [ 0.00000000e+00, 0.00000000e+00, 0.00000000e+00, 1.00000000e+00]]",
		"width": 0.06738443628620987
	},
	{
		"pose": "[[-1.37521655e-16, 9.99004979e-01, 4.45987796e-02, 8.89554094e-04],\n [ 6.18720040e-02,-4.45133324e-02, 9.97090978e-01,-4.14926311e-03],\n [ 9.98084092e-01, 2.75941587e-03,-6.18104401e-02,-3.25250454e-02],\n [ 0.00000000e+00, 0.00000000e+00, 0.00000000e+00, 1.00000000e+00]]",
		"width": 0.028000069614276007
	},
	{
		"pose": "[[ 2.55636396e-01, 1.56340684e-01, 9.54048019e-01, 8.11566889e-04],\n [ 4.70201748e-03,-9.87027065e-01, 1.60485087e-01,-2.08419494e-03],\n [ 9.66761565e-01,-3.65398790e-02,-2.53055159e-01,-3.42769717e-02],\n [ 0.00000000e+00, 0.00000000e+00, 0.00000000e+00, 1.00000000e+00]]",
		"width": 0.06738443628620987
	},
	{
		"pose": "[[ 1.80465865e-02,-9.99837147e-01, 0.00000000e+00, 1.09905641e-03],\n [ 7.65424104e-02, 1.38155422e-03, 9.97065369e-01, 6.89935886e-04],\n [-9.96902994e-01,-1.79936265e-02, 7.65548776e-02, 1.44526120e-02],\n [ 0.00000000e+00, 0.00000000e+00, 0.00000000e+00, 1.00000000e+00]]",
		"width": 0.029756305016404947
	},
	{
		"pose": "[[ 1.56288024e-02,-9.99837147e-01, 9.02329327e-03, 1.09905641e-03],\n [-4.32245013e-01, 1.38155422e-03, 9.01755144e-01, 6.89935886e-04],\n [-9.01620757e-01,-1.79936265e-02,-4.32153028e-01, 1.44526120e-02],\n [ 0.00000000e+00, 0.00000000e+00, 0.00000000e+00, 1.00000000e+00]]",
		"width": 0.029756305016404947
	},
	{
		"pose": "[[-1.80465865e-02, 9.99837147e-01, 0.00000000e+00, 1.09905641e-03],\n [-7.65424104e-02,-1.38155422e-03, 9.97065369e-01, 6.89935886e-04],\n [ 9.96902994e-01, 1.79936265e-02, 7.65548776e-02, 1.44526120e-02],\n [ 0.00000000e+00, 0.00000000e+00, 0.00000000e+00, 1.00000000e+00]]",
		"width": 0.029756305016404947
	},
	{
		"pose": "[[-1.74316640e-02, 9.99837147e-01, 4.67080030e-03, 1.09905641e-03],\n [ 1.84125216e-01,-1.38155422e-03, 9.82901824e-01, 6.89935886e-04],\n [ 9.82748209e-01, 1.79936265e-02,-1.84071148e-01, 1.44526120e-02],\n [ 0.00000000e+00, 0.00000000e+00, 0.00000000e+00, 1.00000000e+00]]",
		"width": 0.029756305016404947
	},
	{
		"pose": "[[-1.27608637e-02, 9.99837147e-01, 1.27608637e-02, 1.09905641e-03],\n [ 6.50908026e-01,-1.38155422e-03, 7.59155341e-01, 6.89935886e-04],\n [ 7.59049341e-01, 1.79936265e-02,-6.50784394e-01, 1.44526120e-02],\n [ 0.00000000e+00, 0.00000000e+00, 0.00000000e+00, 1.00000000e+00]]",
		"width": 0.029756305016404947
	},
	{
		"pose": "[[ 1.56288024e-02, 9.99837147e-01,-9.02329327e-03, 1.09905641e-03],\n [-4.32245013e-01,-1.38155422e-03,-9.01755144e-01, 6.89935886e-04],\n [-9.01620757e-01, 1.79936265e-02, 4.32153028e-01, 1.44526120e-02],\n [ 0.00000000e+00, 0.00000000e+00, 0.00000000e+00, 1.00000000e+00]]",
		"width": 0.029756305016404947
	},
	{
		"pose": "[[ 1.80465865e-02, 9.99837147e-01,-1.01232722e-17, 1.09905641e-03],\n [ 7.65424104e-02,-1.38155422e-03,-9.97065369e-01, 6.89935886e-04],\n [-9.96902994e-01, 1.79936265e-02,-7.65548776e-02, 1.44526120e-02],\n [ 0.00000000e+00, 0.00000000e+00, 0.00000000e+00, 1.00000000e+00]]",
		"width": 0.029756305016404947
	},
	{
		"pose": "[[ 1.27608637e-02, 9.99837147e-01, 1.27608637e-02, 1.09905641e-03],\n [ 7.59155341e-01,-1.38155422e-03,-6.50908026e-01, 6.89935886e-04],\n [-6.50784394e-01, 1.79936265e-02,-7.59049341e-01, 1.44526120e-02],\n [ 0.00000000e+00, 0.00000000e+00, 0.00000000e+00, 1.00000000e+00]]",
		"width": 0.029756305016404947
	},
	{
		"pose": "[[-9.02329327e-03,-9.99837147e-01, 1.56288024e-02, 1.09905641e-03],\n [-9.01755144e-01, 1.38155422e-03,-4.32245013e-01, 6.89935886e-04],\n [ 4.32153028e-01,-1.79936265e-02,-9.01620757e-01, 1.44526120e-02],\n [ 0.00000000e+00, 0.00000000e+00, 0.00000000e+00, 1.00000000e+00]]",
		"width": 0.029756305016404947
	},
	{
		"pose": "[[-1.56288024e-02,-9.99837147e-01,-9.02329327e-03, 1.09905641e-03],\n [ 4.32245013e-01, 1.38155422e-03,-9.01755144e-01, 6.89935886e-04],\n [ 9.01620757e-01,-1.79936265e-02, 4.32153028e-01, 1.44526120e-02],\n [ 0.00000000e+00, 0.00000000e+00, 0.00000000e+00, 1.00000000e+00]]",
		"width": 0.029756305016404947
	},
	{
		"pose": "[[-1.80465865e-02,-9.99837147e-01,-1.01232722e-17, 1.09905641e-03],\n [-7.65424104e-02, 1.38155422e-03,-9.97065369e-01, 6.89935886e-04],\n [ 9.96902994e-01,-1.79936265e-02,-7.65548776e-02, 1.44526120e-02],\n [ 0.00000000e+00, 0.00000000e+00, 0.00000000e+00, 1.00000000e+00]]",
		"width": 0.029756305016404947
	},
	{
		"pose": "[[-0.82011948,-0.57219231, 0.        , 0.00117072],\n [-0.57194295, 0.81976208,-0.02951951,-0.00113779],\n [ 0.01689084,-0.02420953,-0.9995642 , 0.04352481],\n [ 0.        , 0.        , 0.        , 1.        ]]",
		"width": 0.02114197667344409
	},
	{
		"pose": "[[ 6.93886973e-17,-9.63224292e-01,-2.68698646e-01, 1.18695507e-03],\n [-9.50659069e-02, 2.67481705e-01,-9.58861831e-01,-1.02805805e-03],\n [ 9.95470981e-01, 2.55440805e-02,-9.15697909e-02, 4.50962831e-02],\n [ 0.00000000e+00, 0.00000000e+00, 0.00000000e+00, 1.00000000e+00]]",
		"width": 0.021082332823436554
	},
	{
		"pose": "[[ 0.90750534,-0.34249771, 0.24316532, 0.00126078],\n [-0.33418874,-0.93943808,-0.07598667,-0.0012866 ],\n [ 0.25446403,-0.0123048 ,-0.96700396, 0.04495556],\n [ 0.        , 0.        , 0.        , 1.        ]]",
		"width": 0.02108391111301307
	},
	{
		"pose": "[[ 0.82011948, 0.57219231, 0.        , 0.00117072],\n [ 0.57194295,-0.81976208,-0.02951951,-0.00113779],\n [-0.01689084, 0.02420953,-0.9995642 , 0.04352481],\n [ 0.        , 0.        , 0.        , 1.        ]]",
		"width": 0.02114197667344409
	},
	{
		"pose": "[[-0.06954433, 0.96322429,-0.25954296, 0.00118696],\n [-0.15634509,-0.2674817 ,-0.95079427,-0.00102806],\n [-0.98525114,-0.02554408, 0.16919722, 0.04509628],\n [ 0.        , 0.        , 0.        , 1.        ]]",
		"width": 0.021082332823436554
	},
	{
		"pose": "[[-0.31381716, 0.94948343, 0.        , 0.00110284],\n [ 0.94623024, 0.31274193,-0.08270926,-0.00113655],\n [-0.07853108,-0.02595559,-0.99657372, 0.04385408],\n [ 0.        , 0.        , 0.        , 1.        ]]",
		"width": 0.021118068927425595
	},
	{
		"pose": "[[-0.98308604, 0.18314429, 0.        , 0.00106923],\n [ 0.18309619, 0.98282787,-0.02291622,-0.00118521],\n [-0.00419697,-0.02252861,-0.99973739, 0.04407868],\n [ 0.        , 0.        , 0.        , 1.        ]]",
		"width": 0.021103265038292473
	},
	{
		"pose": "[[-7.11973970e-01,-7.02205857e-01,-3.99202614e-16, 6.86436225e-04],\n [-7.01623260e-01, 7.11383269e-01, 4.07264874e-02,-1.56959292e-03],\n [-2.85983780e-02, 2.89961989e-02,-9.99170332e-01, 4.28091434e-02],\n [ 0.00000000e+00, 0.00000000e+00, 0.00000000e+00, 1.00000000e+00]]",
		"width": 0.021216306057972673
	},
	{
		"pose": "[[-2.68698646e-01,-9.63224292e-01, 8.22381170e-17, 1.18695507e-03],\n [-9.58861831e-01, 2.67481705e-01, 9.50659069e-02,-1.02805805e-03],\n [-9.15697909e-02, 2.55440805e-02,-9.95470981e-01, 4.50962831e-02],\n [ 0.00000000e+00, 0.00000000e+00, 0.00000000e+00, 1.00000000e+00]]",
		"width": 0.021082332823436554
	},
	{
		"pose": "[[ 0.80555978,-0.55179943,-0.21584909, 0.00132589],\n [-0.53696975,-0.83387538, 0.12773149,-0.00133245],\n [-0.25047341, 0.01300908,-0.96803607, 0.04423556],\n [ 0.        , 0.        , 0.        , 1.        ]]",
		"width": 0.021160302482897624
	},
	{
		"pose": "[[-0.80555978, 0.55179943,-0.21584909, 0.00132589],\n [ 0.53696975, 0.83387538, 0.12773149,-0.00133245],\n [ 0.25047341,-0.01300908,-0.96803607, 0.04423556],\n [ 0.        , 0.        , 0.        , 1.        ]]",
		"width": 0.021160302482897624
	},
	{
		"pose": "[[ 7.11973970e-01, 7.02205857e-01,-3.99202614e-16, 6.86436225e-04],\n [ 7.01623260e-01,-7.11383269e-01, 4.07264874e-02,-1.56959292e-03],\n [ 2.85983780e-02,-2.89961989e-02,-9.99170332e-01, 4.28091434e-02],\n [ 0.00000000e+00, 0.00000000e+00, 0.00000000e+00, 1.00000000e+00]]",
		"width": 0.021216306057972673
	},
	{
		"pose": "[[ 2.68698646e-01, 9.63224292e-01, 8.22381170e-17, 1.18695507e-03],\n [ 9.58861831e-01,-2.67481705e-01, 9.50659069e-02,-1.02805805e-03],\n [ 9.15697909e-02,-2.55440805e-02,-9.95470981e-01, 4.50962831e-02],\n [ 0.00000000e+00, 0.00000000e+00, 0.00000000e+00, 1.00000000e+00]]",
		"width": 0.021082332823436554
	},
	{
		"pose": "[[ 0.23269985, 0.96322429, 0.13434932, 0.00118696],\n [ 0.78286575,-0.2674817 , 0.56176041,-0.00102806],\n [ 0.57703726,-0.02554408,-0.81631826, 0.04509628],\n [ 0.        , 0.        , 0.        , 1.        ]]",
		"width": 0.021082332823436554
	},
	{
		"pose": "[[ 0.06954433, 0.96322429, 0.25954296, 0.00118696],\n [ 0.15634509,-0.2674817 , 0.95079427,-0.00102806],\n [ 0.98525114,-0.02554408,-0.16919722, 0.04509628],\n [ 0.        , 0.        , 0.        , 1.        ]]",
		"width": 0.021082332823436554
	},
	{
		"pose": "[[-0.06954433, 0.96322429, 0.25954296, 0.00118696],\n [-0.33999832,-0.2674817 , 0.90158454,-0.00102806],\n [ 0.93785112,-0.02554408, 0.34609647, 0.04509628],\n [ 0.        , 0.        , 0.        , 1.        ]]",
		"width": 0.021082332823436554
	},
	{
		"pose": "[[ 0.02457454,-0.999698  , 0.        , 0.00101202],\n [ 0.77631144, 0.01908326, 0.63006061, 0.02318003],\n [-0.62987033,-0.01548345, 0.77654596,-0.0322831 ],\n [ 0.        , 0.        , 0.        , 1.        ]]",
		"width": 0.02599729865098785
	},
	{
		"pose": "[[ 0.00636036,-0.999698  ,-0.02373718, 0.00101202],\n [ 0.809516  , 0.01908326,-0.58678758, 0.02318003],\n [ 0.58706336,-0.01548345, 0.80939291,-0.0322831 ],\n [ 0.        , 0.        , 0.        , 1.        ]]",
		"width": 0.02599729865098785
	},
	{
		"pose": "[[ 0.02373718,-0.999698  ,-0.00636036, 0.00101202],\n [ 0.91293096, 0.01908326, 0.40766763, 0.02318003],\n [-0.40742314,-0.01548345, 0.91310823,-0.0322831 ],\n [ 0.        , 0.        , 0.        , 1.        ]]",
		"width": 0.02599729865098785
	},
	{
		"pose": "[[ 2.45745376e-02, 9.99698000e-01,-2.85856004e-18, 1.01202092e-03],\n [ 7.76311441e-01,-1.90832578e-02,-6.30060612e-01, 2.31800321e-02],\n [-6.29870334e-01, 1.54834482e-02,-7.76545958e-01,-3.22831000e-02],\n [ 0.00000000e+00, 0.00000000e+00, 0.00000000e+00, 1.00000000e+00]]",
		"width": 0.02599729865098785
	},
	{
		"pose": "[[ 0.01228727, 0.999698  ,-0.02128217, 0.00101202],\n [-0.15749278,-0.01908326,-0.98733574, 0.02318003],\n [-0.98744369, 0.01548345, 0.15721073,-0.0322831 ],\n [ 0.        , 0.        , 0.        , 1.        ]]",
		"width": 0.02599729865098785
	},
	{
		"pose": "[[-2.45745376e-02,-9.99698000e-01,-2.85856004e-18, 1.01202092e-03],\n [-7.76311441e-01, 1.90832578e-02,-6.30060612e-01, 2.31800321e-02],\n [ 6.29870334e-01,-1.54834482e-02,-7.76545958e-01,-3.22831000e-02],\n [ 0.00000000e+00, 0.00000000e+00, 0.00000000e+00, 1.00000000e+00]]",
		"width": 0.02599729865098785
	},
	{
		"pose": "[[-0.01228727,-0.999698  ,-0.02128217, 0.00101202],\n [ 0.15749278, 0.01908326,-0.98733574, 0.02318003],\n [ 0.98744369,-0.01548345, 0.15721073,-0.0322831 ],\n [ 0.        , 0.        , 0.        , 1.        ]]",
		"width": 0.02599729865098785
	},
	{
		"pose": "[[-0.01228727, 0.999698  ,-0.02128217, 0.00101202],\n [-0.93380422,-0.01908326,-0.35727512, 0.02318003],\n [-0.35757336, 0.01548345, 0.93375669,-0.0322831 ],\n [ 0.        , 0.        , 0.        , 1.        ]]",
		"width": 0.02599729865098785
	},
	{
		"pose": "[[-0.02457454, 0.999698  , 0.        , 0.00101202],\n [-0.77631144,-0.01908326, 0.63006061, 0.02318003],\n [ 0.62987033, 0.01548345, 0.77654596,-0.0322831 ],\n [ 0.        , 0.        , 0.        , 1.        ]]",
		"width": 0.02599729865098785
	}
]